0.000000000000000000e+00	0.000000000000000000e+00	0.000000000000000000e+00	0.000000000000000000e+00
2.000000000000000042e-02	8.600000000000000670e-06	1.000000000000000082e-05	7.099999999999999785e-06
4.000000000000000083e-02	3.399999999999999973e-05	3.910000000000000172e-05	2.790000000000000054e-05
5.999999999999999778e-02	7.519999999999999829e-05	8.590000000000000088e-05	6.200000000000000270e-05
8.000000000000000167e-02	1.313999999999999955e-04	1.491999999999999945e-04	1.089000000000000043e-04
1.000000000000000056e-01	2.019000000000000016e-04	2.276000000000000028e-04	1.679999999999999907e-04
1.199999999999999956e-01	2.859000000000000105e-04	3.200000000000000262e-04	2.388000000000000040e-04
1.400000000000000133e-01	3.824999999999999733e-04	4.249999999999999763e-04	3.201999999999999768e-04
1.600000000000000033e-01	4.912000000000000133e-04	5.412999999999999843e-04	4.131000000000000123e-04
1.799999999999999933e-01	6.112000000000000028e-04	6.671000000000000063e-04	5.188000000000000337e-04
2.000000000000000111e-01	7.416999999999999765e-04	8.000999999999999866e-04	6.356000000000000538e-04
2.200000000000000011e-01	8.819000000000000233e-04	9.328999999999999619e-04	7.630999999999999546e-04
2.399999999999999911e-01	1.031199999999999912e-03	1.088599999999999898e-03	9.012000000000000045e-04
2.600000000000000089e-01	1.188500000000000103e-03	1.257800000000000107e-03	1.049599999999999925e-03
2.800000000000000266e-01	1.352799999999999923e-03	1.435400000000000087e-03	1.208099999999999929e-03
2.999999999999999889e-01	1.521999999999999915e-03	1.619299999999999949e-03	1.376300000000000006e-03
3.200000000000000067e-01	1.691900000000000088e-03	1.801199999999999980e-03	1.554100000000000099e-03
3.400000000000000244e-01	1.864800000000000008e-03	2.013500000000000099e-03	1.741099999999999983e-03
3.599999999999999867e-01	2.073000000000000190e-03	2.236399999999999933e-03	1.937300000000000090e-03
3.800000000000000044e-01	2.290100000000000208e-03	2.468300000000000095e-03	2.142300000000000194e-03
4.000000000000000222e-01	2.515600000000000214e-03	2.708299999999999857e-03	2.355799999999999908e-03
4.199999999999999845e-01	2.748299999999999962e-03	2.953499999999999962e-03	2.577700000000000043e-03
4.400000000000000022e-01	2.989700000000000083e-03	3.216600000000000015e-03	2.807700000000000213e-03
4.600000000000000200e-01	3.243699999999999969e-03	3.488499999999999848e-03	3.045400000000000190e-03
4.799999999999999822e-01	3.505799999999999889e-03	3.769000000000000215e-03	3.290599999999999862e-03
5.000000000000000000e-01	3.775500000000000210e-03	4.057500000000000343e-03	3.542500000000000076e-03
5.200000000000000178e-01	4.051100000000000187e-03	4.353100000000000372e-03	3.800200000000000106e-03
5.400000000000000355e-01	4.336200000000000124e-03	4.660499999999999712e-03	4.058599999999999881e-03
5.600000000000000533e-01	4.634300000000000051e-03	4.975799999999999841e-03	4.339299999999999928e-03
5.799999999999999600e-01	4.940299999999999900e-03	5.298699999999999938e-03	4.627899999999999896e-03
5.999999999999999778e-01	5.253700000000000037e-03	5.628400000000000417e-03	4.923900000000000152e-03
6.199999999999999956e-01	5.573599999999999735e-03	5.964399999999999910e-03	5.226800000000000196e-03
6.400000000000000133e-01	5.902400000000000355e-03	6.312599999999999809e-03	5.535799999999999575e-03
6.600000000000000311e-01	6.240500000000000387e-03	6.668000000000000316e-03	5.854999999999999961e-03
6.800000000000000488e-01	6.585800000000000161e-03	7.029999999999999791e-03	6.181100000000000136e-03
6.999999999999999556e-01	6.938099999999999996e-03	7.397599999999999835e-03	6.513900000000000419e-03
7.199999999999999734e-01	7.296799999999999987e-03	7.771400000000000356e-03	6.852800000000000037e-03
7.399999999999999911e-01	7.663299999999999626e-03	8.158399999999999680e-03	7.197099999999999678e-03
7.600000000000000089e-01	8.037300000000000694e-03	8.552000000000000574e-03	7.552399999999999912e-03
7.800000000000000266e-01	8.417799999999999588e-03	8.951699999999999935e-03	7.914300000000000848e-03
8.000000000000000444e-01	8.804400000000000420e-03	9.356599999999999639e-03	8.282400000000000526e-03
8.199999999999999512e-01	9.196199999999999861e-03	9.768199999999999453e-03	8.656600000000000406e-03
8.399999999999999689e-01	9.596600000000000269e-03	1.019100000000000041e-02	9.036499999999999394e-03
8.599999999999999867e-01	1.000370000000000079e-02	1.061989999999999983e-02	9.424599999999999991e-03
8.800000000000000044e-01	1.041650000000000041e-02	1.105450000000000009e-02	9.818699999999999650e-03
9.000000000000000222e-01	1.083480000000000033e-02	1.149389999999999960e-02	1.021859999999999956e-02
9.200000000000000400e-01	1.125680000000000083e-02	1.194019999999999977e-02	1.062420000000000031e-02
9.399999999999999467e-01	1.168920000000000028e-02	1.239580000000000022e-02	1.103529999999999962e-02
9.599999999999999645e-01	1.212749999999999939e-02	1.285709999999999978e-02	1.145290000000000023e-02
9.799999999999999822e-01	1.257109999999999998e-02	1.332359999999999968e-02	1.187599999999999940e-02
1.000000000000000000e+00	1.301959999999999923e-02	1.379470000000000002e-02	1.230440000000000006e-02
1.020000000000000018e+00	1.347160000000000024e-02	1.427250000000000046e-02	1.273759999999999996e-02
1.040000000000000036e+00	1.393349999999999971e-02	1.475749999999999978e-02	1.317600000000000021e-02
1.060000000000000053e+00	1.440040000000000070e-02	1.524769999999999945e-02	1.362090000000000002e-02
1.080000000000000071e+00	1.487220000000000035e-02	1.574269999999999836e-02	1.407070000000000022e-02
1.100000000000000089e+00	1.534839999999999989e-02	1.624180000000000068e-02	1.452510000000000086e-02
1.120000000000000107e+00	1.582839999999999941e-02	1.674710000000000087e-02	1.498359999999999970e-02
1.139999999999999902e+00	1.631679999999999936e-02	1.725809999999999844e-02	1.544740000000000002e-02
1.159999999999999920e+00	1.680970000000000034e-02	1.777360000000000051e-02	1.591779999999999931e-02
1.179999999999999938e+00	1.730719999999999828e-02	1.829309999999999964e-02	1.639250000000000082e-02
1.199999999999999956e+00	1.780870000000000022e-02	1.881549999999999889e-02	1.687140000000000167e-02
1.219999999999999973e+00	1.831400000000000042e-02	1.934550000000000158e-02	1.735400000000000137e-02
1.239999999999999991e+00	1.882609999999999839e-02	1.988080000000000055e-02	1.784180000000000141e-02
1.260000000000000009e+00	1.934229999999999977e-02	2.042010000000000006e-02	1.833529999999999882e-02
1.280000000000000027e+00	1.986250000000000168e-02	2.096299999999999900e-02	1.883280000000000023e-02
1.300000000000000044e+00	2.038639999999999897e-02	2.150830000000000103e-02	1.933400000000000049e-02
1.320000000000000062e+00	2.091399999999999856e-02	2.206119999999999956e-02	1.983849999999999850e-02
1.340000000000000080e+00	2.144690000000000138e-02	2.261809999999999862e-02	2.034810000000000091e-02
1.360000000000000098e+00	2.198349999999999957e-02	2.317850000000000119e-02	2.086249999999999910e-02
1.379999999999999893e+00	2.252339999999999898e-02	2.374230000000000090e-02	2.138050000000000020e-02
1.399999999999999911e+00	2.306630000000000139e-02	2.430830000000000143e-02	2.190200000000000133e-02
1.419999999999999929e+00	2.361279999999999976e-02	2.488080000000000153e-02	2.242620000000000030e-02
1.439999999999999947e+00	2.416489999999999957e-02	2.545640000000000056e-02	2.295540000000000080e-02
1.459999999999999964e+00	2.472030000000000061e-02	2.603520000000000140e-02	2.348830000000000015e-02
1.479999999999999982e+00	2.527870000000000117e-02	2.661679999999999949e-02	2.402440000000000131e-02
1.500000000000000000e+00	2.583950000000000136e-02	2.720070000000000127e-02	2.456360000000000141e-02
1.520000000000000018e+00	2.640400000000000039e-02	2.778960000000000111e-02	2.510520000000000113e-02
1.540000000000000036e+00	2.697309999999999985e-02	2.838130000000000167e-02	2.565129999999999841e-02
1.560000000000000053e+00	2.754500000000000004e-02	2.897550000000000125e-02	2.620029999999999928e-02
1.580000000000000071e+00	2.811949999999999866e-02	2.957169999999999938e-02	2.675210000000000088e-02
1.600000000000000089e+00	2.869630000000000097e-02	3.016980000000000009e-02	2.730629999999999863e-02
1.620000000000000107e+00	2.927630000000000163e-02	3.077389999999999987e-02	2.786239999999999897e-02
1.639999999999999902e+00	2.985990000000000172e-02	3.138029999999999986e-02	2.842350000000000085e-02
1.659999999999999920e+00	3.044600000000000084e-02	3.198879999999999779e-02	2.898720000000000116e-02
1.679999999999999938e+00	3.103420000000000137e-02	3.259900000000000297e-02	2.955330000000000110e-02
1.699999999999999956e+00	3.162430000000000102e-02	3.321110000000000034e-02	3.012149999999999897e-02
1.719999999999999973e+00	3.221740000000000020e-02	3.382799999999999696e-02	3.069140000000000063e-02
1.739999999999999991e+00	3.281329999999999664e-02	3.444669999999999677e-02	3.126559999999999756e-02
1.760000000000000009e+00	3.341100000000000320e-02	3.506719999999999976e-02	3.184200000000000225e-02
1.780000000000000027e+00	3.401049999999999907e-02	3.568879999999999969e-02	3.242040000000000199e-02
1.800000000000000044e+00	3.461079999999999712e-02	3.631240000000000162e-02	3.300070000000000087e-02
1.820000000000000062e+00	3.521520000000000206e-02	3.694030000000000230e-02	3.358259999999999718e-02
1.840000000000000080e+00	3.582199999999999968e-02	3.756960000000000161e-02	3.416779999999999817e-02
1.860000000000000098e+00	3.643040000000000167e-02	3.820029999999999953e-02	3.475480000000000236e-02
1.879999999999999893e+00	3.704009999999999941e-02	3.883179999999999965e-02	3.534349999999999992e-02
1.899999999999999911e+00	3.765029999999999766e-02	3.946530000000000177e-02	3.593360000000000304e-02
1.919999999999999929e+00	3.826449999999999990e-02	4.010199999999999876e-02	3.652529999999999666e-02
1.939999999999999947e+00	3.888019999999999671e-02	4.073990000000000250e-02	3.711949999999999972e-02
1.959999999999999964e+00	3.949710000000000026e-02	4.137869999999999743e-02	3.771510000000000140e-02
1.979999999999999982e+00	4.011499999999999788e-02	4.201769999999999811e-02	3.831199999999999883e-02
2.000000000000000000e+00	4.073299999999999838e-02	4.265900000000000247e-02	3.890980000000000133e-02
2.020000000000000018e+00	4.135509999999999881e-02	4.330280000000000240e-02	3.950889999999999957e-02
2.040000000000000036e+00	4.197820000000000024e-02	4.394739999999999758e-02	4.011089999999999794e-02
2.060000000000000053e+00	4.260209999999999692e-02	4.459239999999999732e-02	4.071400000000000019e-02
2.080000000000000071e+00	4.322669999999999985e-02	4.523739999999999706e-02	4.131810000000000344e-02
2.100000000000000089e+00	4.385130000000000278e-02	4.588470000000000049e-02	4.192270000000000024e-02
2.120000000000000107e+00	4.447929999999999939e-02	4.653369999999999729e-02	4.252870000000000261e-02
2.140000000000000124e+00	4.510789999999999939e-02	4.718309999999999865e-02	4.313670000000000004e-02
2.160000000000000142e+00	4.573710000000000275e-02	4.783260000000000289e-02	4.374560000000000254e-02
2.180000000000000160e+00	4.636640000000000206e-02	4.848129999999999801e-02	4.435499999999999859e-02
2.200000000000000178e+00	4.699590000000000017e-02	4.913309999999999900e-02	4.496460000000000040e-02
2.220000000000000195e+00	4.762809999999999960e-02	4.978590000000000099e-02	4.557560000000000083e-02
2.240000000000000213e+00	4.826060000000000072e-02	5.043879999999999891e-02	4.618830000000000158e-02
2.259999999999999787e+00	4.889339999999999659e-02	5.109140000000000209e-02	4.680139999999999995e-02
2.279999999999999805e+00	4.952600000000000058e-02	5.174279999999999852e-02	4.741490000000000288e-02
2.299999999999999822e+00	5.015870000000000051e-02	5.239760000000000251e-02	4.802820000000000006e-02
2.319999999999999840e+00	5.079349999999999837e-02	5.305229999999999668e-02	4.864290000000000280e-02
2.339999999999999858e+00	5.142830000000000318e-02	5.370679999999999898e-02	4.925870000000000248e-02
2.359999999999999876e+00	5.206299999999999817e-02	5.436060000000000197e-02	4.987450000000000216e-02
2.379999999999999893e+00	5.269719999999999960e-02	5.501310000000000228e-02	5.049039999999999778e-02
2.399999999999999911e+00	5.333149999999999696e-02	5.566870000000000152e-02	5.110569999999999696e-02
2.419999999999999929e+00	5.396770000000000039e-02	5.632390000000000313e-02	5.172260000000000052e-02
2.439999999999999947e+00	5.460360000000000213e-02	5.697850000000000137e-02	5.233990000000000170e-02
2.459999999999999964e+00	5.523909999999999931e-02	5.763220000000000148e-02	5.295720000000000288e-02
2.479999999999999982e+00	5.587369999999999837e-02	5.828450000000000297e-02	5.357399999999999662e-02
2.500000000000000000e+00	5.650850000000000317e-02	5.893930000000000002e-02	5.418980000000000324e-02
2.520000000000000018e+00	5.714439999999999797e-02	5.959350000000000064e-02	5.480759999999999799e-02
2.540000000000000036e+00	5.777979999999999922e-02	6.024670000000000025e-02	5.542509999999999798e-02
2.560000000000000053e+00	5.841430000000000233e-02	6.089870000000000005e-02	5.604220000000000035e-02
2.580000000000000071e+00	5.904759999999999870e-02	6.154939999999999717e-02	5.665869999999999934e-02
2.600000000000000089e+00	5.968140000000000250e-02	6.220210000000000322e-02	5.727379999999999971e-02
2.620000000000000107e+00	6.031580000000000275e-02	6.285390000000000421e-02	5.789099999999999802e-02
2.640000000000000124e+00	6.094920000000000199e-02	6.350440000000000251e-02	5.850759999999999988e-02
2.660000000000000142e+00	6.158160000000000023e-02	6.415329999999999644e-02	5.912350000000000244e-02
2.680000000000000160e+00	6.221240000000000103e-02	6.480110000000000037e-02	5.973839999999999706e-02
2.700000000000000178e+00	6.284389999999999421e-02	6.545049999999999479e-02	6.035220000000000168e-02
2.720000000000000195e+00	6.347529999999999839e-02	6.609850000000000447e-02	6.096730000000000205e-02
2.740000000000000213e+00	6.410549999999999582e-02	6.674510000000000165e-02	6.158149999999999735e-02
2.759999999999999787e+00	6.473450000000000037e-02	6.738990000000000258e-02	6.219469999999999860e-02
2.779999999999999805e+00	6.536129999999999718e-02	6.803370000000000251e-02	6.280669999999999309e-02
2.799999999999999822e+00	6.598930000000000073e-02	6.867800000000000293e-02	6.341750000000000165e-02
2.819999999999999840e+00	6.661659999999999804e-02	6.932069999999999899e-02	6.402919999999999445e-02
2.839999999999999858e+00	6.724249999999999672e-02	6.996170000000000166e-02	6.463990000000000014e-02
2.859999999999999876e+00	6.786670000000000202e-02	7.060049999999999659e-02	6.524929999999999619e-02
2.879999999999999893e+00	6.848840000000000483e-02	7.123849999999999627e-02	6.585729999999999362e-02
2.899999999999999911e+00	6.911190000000000389e-02	7.187649999999999595e-02	6.646409999999999818e-02
2.919999999999999929e+00	6.973390000000000144e-02	7.251259999999999650e-02	6.707140000000000324e-02
2.939999999999999947e+00	7.035429999999999462e-02	7.314669999999999506e-02	6.767739999999999867e-02
2.959999999999999964e+00	7.097290000000000543e-02	7.377820000000000211e-02	6.828190000000000648e-02
2.979999999999999982e+00	7.158910000000000273e-02	7.440940000000000054e-02	6.888460000000000416e-02
3.000000000000000000e+00	7.220609999999999529e-02	7.503990000000000660e-02	6.948619999999999797e-02
3.020000000000000018e+00	7.282139999999999447e-02	7.566829999999999390e-02	7.008789999999999465e-02
3.040000000000000036e+00	7.343479999999999452e-02	7.629450000000000121e-02	7.068810000000000371e-02
3.060000000000000053e+00	7.404610000000000358e-02	7.691779999999999451e-02	7.128660000000000552e-02
3.080000000000000071e+00	7.465520000000000489e-02	7.754099999999999882e-02	7.188300000000000245e-02
3.100000000000000089e+00	7.526460000000000095e-02	7.816259999999999875e-02	7.247850000000000126e-02
3.120000000000000107e+00	7.587199999999999500e-02	7.878190000000000193e-02	7.307360000000000244e-02
3.140000000000000124e+00	7.647740000000000093e-02	7.939870000000000261e-02	7.366709999999999925e-02
3.160000000000000142e+00	7.708039999999999337e-02	8.001189999999999691e-02	7.425859999999999406e-02
3.180000000000000160e+00	7.768110000000000293e-02	8.062610000000000610e-02	7.484780000000000599e-02
3.200000000000000178e+00	7.828190000000000148e-02	8.123819999999999653e-02	7.543619999999999493e-02
3.220000000000000195e+00	7.888059999999999516e-02	8.184769999999999546e-02	7.602349999999999386e-02
3.240000000000000213e+00	7.947700000000000597e-02	8.245460000000000289e-02	7.660889999999999367e-02
3.259999999999999787e+00	8.007069999999999466e-02	8.305790000000000395e-02	7.719209999999999960e-02
3.279999999999999805e+00	8.066239999999999521e-02	8.366170000000000551e-02	7.777270000000000016e-02
3.299999999999999822e+00	8.125340000000000340e-02	8.426290000000000169e-02	7.835280000000000022e-02
3.319999999999999840e+00	8.184199999999999808e-02	8.486130000000000062e-02	7.893129999999999591e-02
3.339999999999999858e+00	8.242810000000000414e-02	8.545669999999999655e-02	7.950759999999999772e-02
3.359999999999999876e+00	8.301119999999999333e-02	8.604860000000000286e-02	8.008160000000000278e-02
3.379999999999999893e+00	8.359250000000000014e-02	8.664080000000000392e-02	8.065260000000000484e-02
3.399999999999999911e+00	8.417299999999999782e-02	8.723010000000000486e-02	8.122350000000000403e-02
3.419999999999999929e+00	8.475090000000000401e-02	8.781640000000000279e-02	8.179229999999999834e-02
3.439999999999999947e+00	8.532620000000000482e-02	8.839950000000000585e-02	8.235879999999999590e-02
3.459999999999999964e+00	8.589829999999999688e-02	8.897929999999999728e-02	8.292270000000000196e-02
3.479999999999999982e+00	8.646869999999999556e-02	8.955899999999999972e-02	8.348350000000000215e-02
3.500000000000000000e+00	8.703750000000000375e-02	9.013569999999999915e-02	8.404399999999999371e-02
3.520000000000000018e+00	8.760360000000000369e-02	9.070920000000000372e-02	8.460209999999999952e-02
3.540000000000000036e+00	8.816680000000000350e-02	9.127920000000000478e-02	8.515759999999999996e-02
3.560000000000000053e+00	8.872649999999999981e-02	9.184609999999999996e-02	8.571030000000000315e-02
3.580000000000000071e+00	8.928490000000000038e-02	9.241249999999999465e-02	8.625979999999999759e-02
3.600000000000000089e+00	8.984129999999999894e-02	9.297569999999999446e-02	8.680910000000000015e-02
3.620000000000000107e+00	9.039469999999999450e-02	9.353559999999999652e-02	8.735590000000000022e-02
3.640000000000000124e+00	9.094499999999999806e-02	9.409170000000000034e-02	8.789980000000000016e-02
3.660000000000000142e+00	9.149140000000000050e-02	9.464509999999999590e-02	8.844090000000000285e-02
3.680000000000000160e+00	9.203709999999999669e-02	9.519710000000000671e-02	8.897879999999999678e-02
3.700000000000000178e+00	9.258039999999999325e-02	9.574580000000000590e-02	8.951599999999999835e-02
3.720000000000000195e+00	9.312040000000000595e-02	9.629100000000000159e-02	9.005029999999999979e-02
3.740000000000000213e+00	9.365719999999999601e-02	9.683219999999999328e-02	9.058170000000000111e-02
3.759999999999999787e+00	9.418959999999999833e-02	9.737089999999999634e-02	9.110999999999999654e-02
3.779999999999999805e+00	9.472210000000000352e-02	9.790790000000000604e-02	9.163530000000000286e-02
3.799999999999999822e+00	9.525139999999999996e-02	9.844129999999999547e-02	9.215940000000000243e-02
3.819999999999999840e+00	9.577739999999999865e-02	9.897100000000000342e-02	9.268060000000000187e-02
3.839999999999999858e+00	9.629989999999999384e-02	9.949629999999999586e-02	9.319879999999999831e-02
3.859999999999999876e+00	9.681829999999999603e-02	1.000198000000000059e-01	9.371350000000000513e-02
3.879999999999999893e+00	9.733609999999999485e-02	1.005410999999999944e-01	9.422550000000000370e-02
3.899999999999999911e+00	9.785059999999999591e-02	1.010585999999999984e-01	9.473610000000000364e-02
3.919999999999999929e+00	9.836169999999999636e-02	1.015723000000000042e-01	9.524359999999999771e-02
3.939999999999999947e+00	9.886899999999999855e-02	1.020812999999999998e-01	9.574779999999999403e-02
3.959999999999999964e+00	9.937229999999999674e-02	1.025889999999999996e-01	9.624839999999999784e-02
3.979999999999999982e+00	9.987479999999999969e-02	1.030936999999999965e-01	9.674660000000000204e-02
4.000000000000000000e+00	1.003737999999999991e-01	1.035945999999999950e-01	9.724299999999999611e-02
4.019999999999999574e+00	1.008691000000000032e-01	1.040914000000000006e-01	9.773610000000000630e-02
4.040000000000000036e+00	1.013605999999999951e-01	1.045832000000000012e-01	9.822580000000000200e-02
4.059999999999999609e+00	1.018481999999999998e-01	1.050743999999999984e-01	9.871180000000000232e-02
4.080000000000000071e+00	1.023348000000000035e-01	1.055620000000000031e-01	9.919540000000000302e-02
4.099999999999999645e+00	1.028176999999999980e-01	1.060455000000000009e-01	9.967679999999999596e-02
4.120000000000000107e+00	1.032967999999999942e-01	1.065249000000000057e-01	1.001548000000000022e-01
4.139999999999999680e+00	1.037720000000000031e-01	1.069993000000000055e-01	1.006292000000000020e-01
4.160000000000000142e+00	1.042435000000000028e-01	1.074728999999999962e-01	1.010994999999999949e-01
4.179999999999999716e+00	1.047135000000000010e-01	1.079423999999999939e-01	1.015680000000000055e-01
4.200000000000000178e+00	1.051797000000000010e-01	1.084076999999999957e-01	1.020337000000000049e-01
4.219999999999999751e+00	1.056419999999999998e-01	1.088686999999999988e-01	1.024960000000000038e-01
4.240000000000000213e+00	1.060999999999999999e-01	1.093246999999999969e-01	1.029544000000000015e-01
4.259999999999999787e+00	1.065548999999999941e-01	1.097801000000000055e-01	1.034083999999999975e-01
4.280000000000000249e+00	1.070076999999999973e-01	1.102313000000000043e-01	1.038614000000000065e-01
4.299999999999999822e+00	1.074565999999999993e-01	1.106782000000000044e-01	1.043110000000000009e-01
4.320000000000000284e+00	1.079013999999999945e-01	1.111204999999999971e-01	1.047570000000000029e-01
4.339999999999999858e+00	1.083418000000000020e-01	1.115582999999999991e-01	1.051992000000000066e-01
4.360000000000000320e+00	1.087792999999999954e-01	1.119948999999999945e-01	1.056367000000000000e-01
4.379999999999999893e+00	1.092141999999999974e-01	1.124271000000000020e-01	1.060732999999999954e-01
4.400000000000000355e+00	1.096450999999999953e-01	1.128549999999999970e-01	1.065062999999999982e-01
4.419999999999999929e+00	1.100716999999999945e-01	1.132781000000000066e-01	1.069355000000000028e-01
4.440000000000000391e+00	1.104934999999999945e-01	1.136970999999999954e-01	1.073607000000000034e-01
4.459999999999999964e+00	1.109133000000000063e-01	1.141141999999999990e-01	1.077815000000000023e-01
4.480000000000000426e+00	1.113298999999999955e-01	1.145269000000000009e-01	1.082010000000000055e-01
4.500000000000000000e+00	1.117424999999999946e-01	1.149352000000000013e-01	1.086166999999999966e-01
4.519999999999999574e+00	1.121507000000000059e-01	1.153384999999999966e-01	1.090286000000000033e-01
4.540000000000000036e+00	1.125537000000000065e-01	1.157380999999999965e-01	1.094364000000000031e-01
4.559999999999999609e+00	1.129553999999999975e-01	1.161352999999999969e-01	1.098399999999999932e-01
4.580000000000000071e+00	1.133534000000000069e-01	1.165280999999999956e-01	1.102418000000000009e-01
4.599999999999999645e+00	1.137471000000000038e-01	1.169161999999999979e-01	1.106396000000000046e-01
4.620000000000000107e+00	1.141363999999999990e-01	1.172992000000000062e-01	1.110334999999999933e-01
4.639999999999999680e+00	1.145203999999999944e-01	1.176790000000000058e-01	1.114230999999999971e-01
4.660000000000000142e+00	1.149034000000000028e-01	1.180559000000000053e-01	1.118087999999999999e-01
4.679999999999999716e+00	1.152822000000000013e-01	1.184283000000000002e-01	1.121926000000000034e-01
4.700000000000000178e+00	1.156565999999999983e-01	1.187957999999999931e-01	1.125724000000000030e-01
4.719999999999999751e+00	1.160264000000000018e-01	1.191578999999999972e-01	1.129481999999999986e-01
4.740000000000000213e+00	1.163912000000000002e-01	1.195174999999999987e-01	1.133194000000000007e-01
4.759999999999999787e+00	1.167547000000000029e-01	1.198738000000000026e-01	1.136869999999999964e-01
4.780000000000000249e+00	1.171139000000000069e-01	1.202253999999999962e-01	1.140523999999999982e-01
4.799999999999999822e+00	1.174686000000000063e-01	1.205721000000000015e-01	1.144136999999999932e-01
4.820000000000000284e+00	1.178185000000000066e-01	1.209130999999999956e-01	1.147708999999999951e-01
4.839999999999999858e+00	1.181637999999999994e-01	1.212523999999999963e-01	1.151234000000000007e-01
4.860000000000000320e+00	1.185072999999999960e-01	1.215876000000000040e-01	1.154725999999999947e-01
4.879999999999999893e+00	1.188464999999999938e-01	1.219179999999999986e-01	1.158190999999999943e-01
4.900000000000000355e+00	1.191810999999999982e-01	1.222434000000000021e-01	1.161615000000000009e-01
4.919999999999999929e+00	1.195109000000000032e-01	1.225627999999999995e-01	1.164995999999999948e-01
4.940000000000000391e+00	1.198362000000000038e-01	1.228812999999999989e-01	1.168329000000000034e-01
4.959999999999999964e+00	1.201595000000000024e-01	1.231951000000000018e-01	1.171632999999999980e-01
4.980000000000000426e+00	1.204783999999999994e-01	1.235041000000000055e-01	1.174906000000000006e-01
5.000000000000000000e+00	1.207926000000000000e-01	1.238080000000000014e-01	1.178136999999999934e-01
5.019999999999999574e+00	1.211018999999999984e-01	1.241060999999999970e-01	1.181323999999999985e-01
5.040000000000000036e+00	1.214072000000000068e-01	1.244029999999999997e-01	1.184460999999999986e-01
5.059999999999999609e+00	1.217099999999999987e-01	1.246951000000000032e-01	1.187575000000000019e-01
5.080000000000000071e+00	1.220081999999999972e-01	1.249823000000000045e-01	1.190654000000000018e-01
5.099999999999999645e+00	1.223018000000000022e-01	1.252643999999999980e-01	1.193689000000000000e-01
5.120000000000000107e+00	1.225901999999999964e-01	1.255410999999999888e-01	1.196678000000000047e-01
5.139999999999999680e+00	1.228749999999999981e-01	1.258160000000000112e-01	1.199613000000000068e-01
5.160000000000000142e+00	1.231570000000000026e-01	1.260861000000000065e-01	1.202536000000000022e-01
5.179999999999999716e+00	1.234343999999999997e-01	1.263510999999999940e-01	1.205415999999999987e-01
5.200000000000000178e+00	1.237069999999999975e-01	1.266108999999999984e-01	1.208252999999999966e-01
5.219999999999999751e+00	1.239742999999999956e-01	1.268658000000000008e-01	1.211044000000000009e-01
5.240000000000000213e+00	1.242385000000000017e-01	1.271184999999999954e-01	1.213782000000000055e-01
5.259999999999999787e+00	1.244994999999999991e-01	1.273662000000000127e-01	1.216505999999999976e-01
5.280000000000000249e+00	1.247556999999999972e-01	1.276090000000000002e-01	1.219186000000000020e-01
5.299999999999999822e+00	1.250072000000000128e-01	1.278461999999999932e-01	1.221821000000000018e-01
5.320000000000000284e+00	1.252530000000000032e-01	1.280791000000000013e-01	1.224409000000000053e-01
5.339999999999999858e+00	1.254965000000000108e-01	1.283092999999999873e-01	1.226948000000000066e-01
5.360000000000000320e+00	1.257360999999999895e-01	1.285345999999999989e-01	1.229470000000000007e-01
5.379999999999999893e+00	1.259708999999999968e-01	1.287548000000000026e-01	1.231947000000000042e-01
5.400000000000000355e+00	1.262009000000000047e-01	1.289694000000000118e-01	1.234379000000000032e-01
5.419999999999999929e+00	1.264250000000000096e-01	1.291800999999999922e-01	1.236763000000000029e-01
5.440000000000000391e+00	1.266474999999999962e-01	1.293876999999999944e-01	1.239100999999999952e-01
5.459999999999999964e+00	1.268655999999999950e-01	1.295904999999999974e-01	1.241418999999999995e-01
5.480000000000000426e+00	1.270787999999999918e-01	1.297878000000000087e-01	1.243690999999999963e-01
5.500000000000000000e+00	1.272870999999999864e-01	1.299796000000000007e-01	1.245918000000000025e-01
5.519999999999999574e+00	1.274896000000000085e-01	1.301681000000000088e-01	1.248096000000000066e-01
5.540000000000000036e+00	1.276906999999999903e-01	1.303529999999999966e-01	1.250232000000000010e-01
5.559999999999999609e+00	1.278868999999999978e-01	1.305329000000000073e-01	1.252341999999999900e-01
5.580000000000000071e+00	1.280784000000000089e-01	1.307075000000000042e-01	1.254407999999999912e-01
5.599999999999999645e+00	1.282648999999999873e-01	1.308760999999999952e-01	1.256426999999999961e-01
5.620000000000000107e+00	1.284460000000000046e-01	1.310425000000000062e-01	1.258396999999999988e-01
5.639999999999999680e+00	1.286251999999999951e-01	1.312048000000000103e-01	1.260328000000000004e-01
5.660000000000000142e+00	1.287996999999999892e-01	1.313618000000000008e-01	1.262230000000000019e-01
5.679999999999999716e+00	1.289693000000000089e-01	1.315136000000000083e-01	1.264087999999999878e-01
5.700000000000000178e+00	1.291336999999999902e-01	1.316591000000000011e-01	1.265898000000000023e-01
5.719999999999999751e+00	1.292931999999999970e-01	1.318034999999999901e-01	1.267656000000000061e-01
5.740000000000000213e+00	1.294507000000000019e-01	1.319427999999999990e-01	1.269382000000000010e-01
5.759999999999999787e+00	1.296032000000000017e-01	1.320771000000000028e-01	1.271075000000000121e-01
5.780000000000000249e+00	1.297509000000000023e-01	1.322059999999999902e-01	1.272722000000000020e-01
5.799999999999999822e+00	1.298932999999999893e-01	1.323288999999999993e-01	1.274321999999999955e-01
5.820000000000000284e+00	1.300312000000000134e-01	1.324504999999999988e-01	1.275868000000000002e-01
5.839999999999999858e+00	1.301666999999999963e-01	1.325671999999999962e-01	1.277388000000000134e-01
5.860000000000000320e+00	1.302975000000000105e-01	1.326787000000000105e-01	1.278871000000000036e-01
5.879999999999999893e+00	1.304231999999999891e-01	1.327849000000000113e-01	1.280308000000000002e-01
5.900000000000000355e+00	1.305436000000000096e-01	1.328853999999999869e-01	1.281695999999999946e-01
5.919999999999999929e+00	1.306601000000000012e-01	1.329841999999999969e-01	1.283028999999999975e-01
5.940000000000000391e+00	1.307735999999999899e-01	1.330777999999999961e-01	1.284344000000000041e-01
5.959999999999999964e+00	1.308825000000000127e-01	1.331664999999999932e-01	1.285615999999999981e-01
5.980000000000000426e+00	1.309861999999999971e-01	1.332494999999999929e-01	1.286841999999999986e-01
6.000000000000000000e+00	1.310844999999999927e-01	1.333274999999999877e-01	1.288018999999999969e-01
6.019999999999999574e+00	1.311795000000000044e-01	1.334034000000000053e-01	1.289140000000000008e-01
6.040000000000000036e+00	1.312713000000000074e-01	1.334741999999999873e-01	1.290246999999999922e-01
6.059999999999999609e+00	1.313582000000000083e-01	1.335399999999999920e-01	1.291309999999999958e-01
6.080000000000000071e+00	1.314402000000000070e-01	1.336000999999999994e-01	1.292326000000000030e-01
6.099999999999999645e+00	1.315165000000000084e-01	1.336557999999999913e-01	1.293292000000000053e-01
6.120000000000000107e+00	1.315901999999999905e-01	1.337088999999999916e-01	1.294205999999999968e-01
6.139999999999999680e+00	1.316599999999999993e-01	1.337569999999999870e-01	1.295102999999999949e-01
6.160000000000000142e+00	1.317250000000000087e-01	1.337997999999999965e-01	1.295955000000000024e-01
6.179999999999999716e+00	1.317848000000000075e-01	1.338370000000000115e-01	1.296759000000000106e-01
6.200000000000000178e+00	1.318388000000000060e-01	1.338704000000000005e-01	1.297513999999999890e-01
6.219999999999999751e+00	1.318911999999999862e-01	1.339007999999999865e-01	1.298220999999999958e-01
6.240000000000000213e+00	1.319392000000000065e-01	1.339261999999999952e-01	1.298909000000000036e-01
6.259999999999999787e+00	1.319821999999999940e-01	1.339463999999999932e-01	1.299550999999999901e-01
6.280000000000000249e+00	1.320203000000000071e-01	1.339607999999999910e-01	1.300146000000000079e-01
6.299999999999999822e+00	1.320524999999999893e-01	1.339721000000000106e-01	1.300691999999999959e-01
6.320000000000000284e+00	1.320834999999999926e-01	1.339798000000000100e-01	1.301193999999999962e-01
6.339999999999999858e+00	1.321094999999999908e-01	1.339827000000000101e-01	1.301671000000000078e-01
6.360000000000000320e+00	1.321308999999999956e-01	1.339802999999999966e-01	1.302103000000000010e-01
6.379999999999999893e+00	1.321469999999999867e-01	1.339716999999999991e-01	1.302486999999999950e-01
6.400000000000000355e+00	1.321577999999999919e-01	1.339613000000000054e-01	1.302821000000000118e-01
6.419999999999999929e+00	1.321671000000000096e-01	1.339467000000000019e-01	1.303115999999999997e-01
6.440000000000000391e+00	1.321716000000000002e-01	1.339271999999999962e-01	1.303383999999999932e-01
6.459999999999999964e+00	1.321711999999999887e-01	1.339024000000000048e-01	1.303606999999999960e-01
6.480000000000000426e+00	1.321657999999999999e-01	1.338712999999999986e-01	1.303781999999999996e-01
6.500000000000000000e+00	1.321553000000000033e-01	1.338392999999999944e-01	1.303905999999999954e-01
6.519999999999999574e+00	1.321430000000000105e-01	1.338024999999999909e-01	1.303997000000000073e-01
6.540000000000000036e+00	1.321258999999999906e-01	1.337608000000000130e-01	1.304057000000000133e-01
6.559999999999999609e+00	1.321039999999999992e-01	1.337137999999999938e-01	1.304072000000000009e-01
6.580000000000000071e+00	1.320768999999999971e-01	1.336607999999999963e-01	1.304038999999999893e-01
6.599999999999999645e+00	1.320454000000000072e-01	1.336069000000000007e-01	1.303951999999999889e-01
6.620000000000000107e+00	1.320118000000000125e-01	1.335481000000000029e-01	1.303841000000000028e-01
6.639999999999999680e+00	1.319733999999999907e-01	1.334843000000000002e-01	1.303694999999999993e-01
6.660000000000000142e+00	1.319301999999999975e-01	1.334152999999999867e-01	1.303501999999999994e-01
6.679999999999999716e+00	1.318816999999999906e-01	1.333408000000000093e-01	1.303263000000000060e-01
6.700000000000000178e+00	1.318294999999999884e-01	1.332650999999999974e-01	1.302966999999999875e-01
6.719999999999999751e+00	1.317745999999999917e-01	1.331844000000000083e-01	1.302656000000000092e-01
6.740000000000000213e+00	1.317152000000000045e-01	1.330989999999999951e-01	1.302303999999999962e-01
6.759999999999999787e+00	1.316508999999999874e-01	1.330080999999999902e-01	1.301905999999999897e-01
6.780000000000000249e+00	1.315812000000000093e-01	1.329124000000000139e-01	1.301460999999999868e-01
6.799999999999999822e+00	1.315085000000000004e-01	1.328149999999999886e-01	1.300958999999999866e-01
6.820000000000000284e+00	1.314327000000000134e-01	1.327126999999999890e-01	1.300448999999999911e-01
6.839999999999999858e+00	1.313523000000000052e-01	1.326055999999999901e-01	1.299894000000000049e-01
6.860000000000000320e+00	1.312669999999999948e-01	1.324931000000000025e-01	1.299294000000000004e-01
6.879999999999999893e+00	1.311761999999999928e-01	1.323764000000000052e-01	1.298645999999999967e-01
6.900000000000000355e+00	1.310833000000000137e-01	1.322577000000000058e-01	1.297946000000000100e-01
6.919999999999999929e+00	1.309867999999999866e-01	1.321343000000000101e-01	1.297233999999999887e-01
6.940000000000000391e+00	1.308856999999999937e-01	1.320060000000000122e-01	1.296478000000000075e-01
6.959999999999999964e+00	1.307798000000000016e-01	1.318722999999999979e-01	1.295676000000000050e-01
6.980000000000000426e+00	1.306679000000000035e-01	1.317351999999999967e-01	1.294827000000000061e-01
7.000000000000000000e+00	1.305552000000000101e-01	1.315955000000000041e-01	1.293931000000000109e-01
7.019999999999999574e+00	1.304383000000000070e-01	1.314511999999999903e-01	1.293018999999999974e-01
7.040000000000000036e+00	1.303166000000000047e-01	1.313018999999999992e-01	1.292063999999999990e-01
7.059999999999999609e+00	1.301901000000000030e-01	1.311470000000000136e-01	1.291064000000000100e-01
7.080000000000000071e+00	1.300580000000000069e-01	1.309897999999999896e-01	1.290014999999999912e-01
7.099999999999999645e+00	1.299253999999999964e-01	1.308294999999999875e-01	1.288924999999999932e-01
7.120000000000000107e+00	1.297881999999999925e-01	1.306644999999999890e-01	1.287816999999999990e-01
7.139999999999999680e+00	1.296466000000000007e-01	1.304945999999999884e-01	1.286663999999999863e-01
7.160000000000000142e+00	1.295001000000000069e-01	1.303189999999999904e-01	1.285467999999999889e-01
7.179999999999999716e+00	1.293484000000000023e-01	1.301421000000000106e-01	1.284221999999999864e-01
7.200000000000000178e+00	1.291959000000000024e-01	1.299613000000000018e-01	1.282941999999999971e-01
7.219999999999999751e+00	1.290389000000000119e-01	1.297760000000000025e-01	1.281637999999999944e-01
7.240000000000000213e+00	1.288774000000000031e-01	1.295856999999999981e-01	1.280291000000000068e-01
7.259999999999999787e+00	1.287109999999999921e-01	1.293894999999999906e-01	1.278901000000000066e-01
7.280000000000000249e+00	1.285401999999999934e-01	1.291932000000000080e-01	1.277457999999999927e-01
7.299999999999999822e+00	1.283680000000000099e-01	1.289924000000000071e-01	1.275990999999999931e-01
7.320000000000000284e+00	1.281915000000000138e-01	1.287870999999999877e-01	1.274495999999999962e-01
7.339999999999999858e+00	1.280104999999999993e-01	1.285768999999999940e-01	1.272959999999999925e-01
7.360000000000000320e+00	1.278246000000000104e-01	1.283612000000000086e-01	1.271377999999999953e-01
7.379999999999999893e+00	1.276348999999999956e-01	1.281452999999999898e-01	1.269744999999999902e-01
7.400000000000000355e+00	1.274434000000000122e-01	1.279248000000000052e-01	1.268093999999999888e-01
7.419999999999999929e+00	1.272475999999999885e-01	1.276999000000000051e-01	1.266412000000000093e-01
7.440000000000000391e+00	1.270474000000000048e-01	1.274703000000000086e-01	1.264686999999999895e-01
7.459999999999999964e+00	1.268421999999999883e-01	1.272357000000000071e-01	1.262918000000000096e-01
7.480000000000000426e+00	1.266339999999999966e-01	1.270004999999999884e-01	1.261094000000000104e-01
7.500000000000000000e+00	1.264234999999999942e-01	1.267608000000000068e-01	1.259265999999999996e-01
7.519999999999999574e+00	1.262088000000000099e-01	1.265167000000000097e-01	1.257398000000000127e-01
7.540000000000000036e+00	1.259897000000000100e-01	1.262677000000000105e-01	1.255487999999999882e-01
7.559999999999999609e+00	1.257655000000000023e-01	1.260147000000000073e-01	1.253535000000000066e-01
7.580000000000000071e+00	1.255392999999999926e-01	1.257607000000000030e-01	1.251529999999999865e-01
7.599999999999999645e+00	1.253103000000000133e-01	1.255023999999999862e-01	1.249520999999999965e-01
7.620000000000000107e+00	1.250771999999999995e-01	1.252397000000000094e-01	1.247469999999999968e-01
7.639999999999999680e+00	1.248396999999999979e-01	1.249721000000000026e-01	1.245379000000000069e-01
7.660000000000000142e+00	1.245968999999999965e-01	1.247010999999999953e-01	1.243244000000000016e-01
7.679999999999999716e+00	1.243530999999999942e-01	1.244288000000000061e-01	1.241063000000000027e-01
7.700000000000000178e+00	1.241059999999999941e-01	1.241522000000000042e-01	1.238873999999999947e-01
7.719999999999999751e+00	1.238548000000000010e-01	1.238712000000000008e-01	1.236644999999999966e-01
7.740000000000000213e+00	1.235991000000000034e-01	1.235852999999999952e-01	1.234375999999999945e-01
7.759999999999999787e+00	1.233380000000000032e-01	1.232971000000000067e-01	1.232062000000000018e-01
7.780000000000000249e+00	1.230773000000000006e-01	1.230067999999999995e-01	1.229708000000000051e-01
7.799999999999999822e+00	1.228125000000000050e-01	1.227123999999999993e-01	1.227343999999999935e-01
7.820000000000000284e+00	1.225437999999999944e-01	1.224137000000000003e-01	1.224940999999999947e-01
7.839999999999999858e+00	1.222706999999999961e-01	1.221098999999999934e-01	1.222498000000000057e-01
7.860000000000000320e+00	1.219926000000000066e-01	1.218048999999999937e-01	1.220011000000000012e-01
7.879999999999999893e+00	1.217146000000000061e-01	1.214973000000000025e-01	1.217489999999999961e-01
7.900000000000000355e+00	1.214326000000000016e-01	1.211856000000000044e-01	1.214955000000000063e-01
7.919999999999999929e+00	1.211466999999999961e-01	1.208696999999999966e-01	1.212381000000000014e-01
7.940000000000000391e+00	1.208565000000000056e-01	1.205482999999999971e-01	1.209767999999999954e-01
7.959999999999999964e+00	1.205618999999999996e-01	1.202272000000000063e-01	1.207108999999999960e-01
7.980000000000000426e+00	1.202669999999999989e-01	1.199025999999999981e-01	1.204424999999999940e-01
8.000000000000000000e+00	1.199684000000000028e-01	1.195741000000000026e-01	1.201722999999999958e-01
8.019999999999999574e+00	1.196658000000000027e-01	1.192412999999999945e-01	1.198984000000000022e-01
8.039999999999999147e+00	1.193588000000000010e-01	1.189033000000000034e-01	1.196205999999999936e-01
8.060000000000000497e+00	1.190482999999999958e-01	1.185661999999999966e-01	1.193382000000000054e-01
8.080000000000000071e+00	1.187370999999999982e-01	1.182253000000000054e-01	1.190540999999999960e-01
8.099999999999999645e+00	1.184222000000000052e-01	1.178804999999999992e-01	1.187677000000000038e-01
8.119999999999999218e+00	1.181033999999999973e-01	1.175314999999999971e-01	1.184776000000000024e-01
8.140000000000000568e+00	1.177802000000000016e-01	1.171780000000000044e-01	1.181837000000000026e-01
8.160000000000000142e+00	1.174542999999999976e-01	1.168249999999999983e-01	1.178849000000000008e-01
8.179999999999999716e+00	1.171272000000000008e-01	1.164683999999999997e-01	1.175855999999999985e-01
8.199999999999999289e+00	1.167963999999999947e-01	1.161079000000000000e-01	1.172834999999999989e-01
8.220000000000000639e+00	1.164618999999999932e-01	1.157432999999999934e-01	1.169778000000000068e-01
8.240000000000000213e+00	1.161227999999999982e-01	1.153749000000000025e-01	1.166681999999999997e-01
8.259999999999999787e+00	1.157819999999999960e-01	1.150066000000000005e-01	1.163536000000000015e-01
8.279999999999999361e+00	1.154396000000000033e-01	1.146347999999999950e-01	1.160396999999999956e-01
8.300000000000000711e+00	1.150936000000000042e-01	1.142592000000000052e-01	1.157223000000000002e-01
8.320000000000000284e+00	1.147438000000000069e-01	1.138794000000000056e-01	1.154014000000000012e-01
8.339999999999999858e+00	1.143894000000000022e-01	1.134967999999999949e-01	1.150766000000000011e-01
8.359999999999999432e+00	1.140344999999999970e-01	1.131139000000000033e-01	1.147475000000000023e-01
8.380000000000000782e+00	1.136772999999999950e-01	1.127274000000000054e-01	1.144185999999999953e-01
8.400000000000000355e+00	1.133166000000000034e-01	1.123373000000000010e-01	1.140864000000000045e-01
8.419999999999999929e+00	1.129522000000000026e-01	1.119428999999999980e-01	1.137505999999999934e-01
8.439999999999999503e+00	1.125830000000000025e-01	1.115468000000000015e-01	1.134109999999999979e-01
8.460000000000000853e+00	1.122145999999999977e-01	1.111498000000000069e-01	1.130676999999999932e-01
8.480000000000000426e+00	1.118432000000000037e-01	1.107492999999999950e-01	1.127245000000000053e-01
8.500000000000000000e+00	1.114683999999999953e-01	1.103452999999999934e-01	1.123779000000000028e-01
8.519999999999999574e+00	1.110899999999999943e-01	1.099369000000000041e-01	1.120280000000000026e-01
8.539999999999999147e+00	1.107068999999999970e-01	1.095278999999999975e-01	1.116742000000000012e-01
8.560000000000000497e+00	1.103250999999999954e-01	1.091175000000000062e-01	1.113173999999999969e-01
8.580000000000000071e+00	1.099399999999999961e-01	1.087037000000000003e-01	1.109602999999999978e-01
8.599999999999999645e+00	1.095517000000000019e-01	1.082864999999999939e-01	1.106000000000000039e-01
8.619999999999999218e+00	1.091596999999999984e-01	1.078646000000000049e-01	1.102363999999999983e-01
8.640000000000000568e+00	1.087638999999999967e-01	1.074437000000000031e-01	1.098689000000000054e-01
8.660000000000000142e+00	1.083689999999999931e-01	1.070202999999999988e-01	1.094992000000000049e-01
8.679999999999999716e+00	1.079708999999999947e-01	1.065938000000000024e-01	1.091289000000000009e-01
8.699999999999999289e+00	1.075696000000000013e-01	1.061639000000000055e-01	1.087552999999999992e-01
8.720000000000000639e+00	1.071645999999999987e-01	1.057291999999999954e-01	1.083785000000000026e-01
8.740000000000000213e+00	1.067565999999999932e-01	1.052966000000000041e-01	1.079978000000000049e-01
8.759999999999999787e+00	1.063491000000000020e-01	1.048610999999999988e-01	1.076159000000000004e-01
8.779999999999999361e+00	1.059386999999999968e-01	1.044223999999999986e-01	1.072328000000000031e-01
8.800000000000000711e+00	1.055249999999999938e-01	1.039802999999999977e-01	1.068465999999999999e-01
8.820000000000000284e+00	1.051079000000000041e-01	1.035342000000000068e-01	1.064572000000000018e-01
8.839999999999999858e+00	1.046884000000000009e-01	1.030901000000000040e-01	1.060637999999999997e-01
8.859999999999999432e+00	1.042690000000000006e-01	1.026431000000000010e-01	1.056702999999999948e-01
8.880000000000000782e+00	1.038465999999999972e-01	1.021930999999999951e-01	1.052749000000000046e-01
8.900000000000000355e+00	1.034212000000000048e-01	1.017398000000000052e-01	1.048767000000000033e-01
8.919999999999999929e+00	1.029920000000000002e-01	1.012833000000000067e-01	1.044752999999999932e-01
8.939999999999999503e+00	1.025617999999999946e-01	1.008282999999999957e-01	1.040694999999999953e-01
8.960000000000000853e+00	1.021308999999999967e-01	1.003703999999999985e-01	1.036651999999999990e-01
8.980000000000000426e+00	1.016973000000000044e-01	9.990970000000000406e-02	1.032582999999999973e-01
9.000000000000000000e+00	1.012606000000000062e-01	9.944569999999999799e-02	1.028485999999999984e-01
9.019999999999999574e+00	1.008201999999999987e-01	9.897949999999999804e-02	1.024357999999999935e-01
9.039999999999999147e+00	1.003798000000000051e-01	9.851409999999999334e-02	1.020191000000000014e-01
9.060000000000000497e+00	9.993839999999999668e-02	9.804620000000000002e-02	1.016037999999999941e-01
9.080000000000000071e+00	9.949429999999999386e-02	9.757540000000000657e-02	1.011859999999999982e-01
9.099999999999999645e+00	9.904730000000000478e-02	9.710119999999999862e-02	1.007653000000000021e-01
9.119999999999999218e+00	9.859610000000000596e-02	9.662590000000000068e-02	1.003415000000000001e-01
9.140000000000000568e+00	9.814660000000000051e-02	9.615100000000000036e-02	9.991450000000000331e-02
9.160000000000000142e+00	9.769519999999999593e-02	9.567370000000000041e-02	9.948880000000000223e-02
9.179999999999999716e+00	9.724119999999999986e-02	9.519350000000000034e-02	9.906040000000000678e-02
9.199999999999999289e+00	9.678430000000000366e-02	9.470979999999999677e-02	9.862930000000000308e-02
9.220000000000000639e+00	9.632350000000000634e-02	9.422650000000000470e-02	9.819519999999999638e-02
9.240000000000000213e+00	9.586509999999999476e-02	9.374280000000000113e-02	9.775860000000000105e-02
9.259999999999999787e+00	9.540429999999999744e-02	9.325680000000000081e-02	9.732300000000000673e-02
9.279999999999999361e+00	9.494099999999999762e-02	9.276810000000000611e-02	9.688489999999999602e-02
9.300000000000000711e+00	9.447490000000000054e-02	9.227549999999999641e-02	9.644429999999999670e-02
9.320000000000000284e+00	9.400559999999999472e-02	9.178509999999999447e-02	9.600050000000000250e-02
9.339999999999999858e+00	9.353839999999999377e-02	9.129339999999999677e-02	9.555520000000000680e-02
9.359999999999999432e+00	9.306889999999999608e-02	9.079950000000000521e-02	9.511029999999999485e-02
9.380000000000000782e+00	9.259710000000000163e-02	9.030290000000000539e-02	9.466310000000000002e-02
9.400000000000000355e+00	9.212239999999999318e-02	8.980240000000000444e-02	9.421340000000000270e-02
9.419999999999999929e+00	9.164540000000000186e-02	8.930539999999999312e-02	9.376049999999999662e-02
9.439999999999999503e+00	9.117020000000000679e-02	8.880649999999999655e-02	9.330710000000000393e-02
9.460000000000000853e+00	9.069280000000000397e-02	8.830530000000000324e-02	9.285359999999999447e-02
9.480000000000000426e+00	9.021310000000000440e-02	8.780169999999999642e-02	9.239780000000000215e-02
9.500000000000000000e+00	8.973069999999999657e-02	8.729489999999999472e-02	9.193969999999999920e-02
9.519999999999999574e+00	8.924680000000000113e-02	8.679119999999999890e-02	9.147819999999999563e-02
9.539999999999999147e+00	8.876420000000000143e-02	8.628560000000000396e-02	9.101739999999999831e-02
9.560000000000000497e+00	8.827970000000000261e-02	8.577799999999999314e-02	9.055589999999999473e-02
9.580000000000000071e+00	8.779289999999999317e-02	8.526789999999999370e-02	9.009230000000000016e-02
9.599999999999999645e+00	8.730319999999999747e-02	8.475560000000000038e-02	8.962630000000000596e-02
9.619999999999999218e+00	8.681329999999999603e-02	8.424600000000000144e-02	8.915670000000000539e-02
9.640000000000000568e+00	8.632410000000000083e-02	8.373460000000000625e-02	8.868950000000000444e-02
9.660000000000000142e+00	8.583300000000000651e-02	8.322129999999999805e-02	8.822080000000000199e-02
9.679999999999999716e+00	8.533979999999999344e-02	8.270560000000000411e-02	8.775009999999999755e-02
9.699999999999999289e+00	8.484360000000000512e-02	8.218860000000000054e-02	8.727699999999999347e-02
9.720000000000000639e+00	8.434840000000000393e-02	8.167389999999999373e-02	8.680060000000000553e-02
9.740000000000000213e+00	8.385330000000000561e-02	8.115749999999999353e-02	8.632710000000000383e-02
9.759999999999999787e+00	8.335629999999999429e-02	8.063919999999999422e-02	8.585180000000000589e-02
9.779999999999999361e+00	8.285729999999999484e-02	8.011840000000000628e-02	8.537459999999999494e-02
9.800000000000000711e+00	8.235510000000000053e-02	7.959769999999999346e-02	8.489510000000000112e-02
9.820000000000000284e+00	8.185560000000000058e-02	7.907870000000000177e-02	8.441310000000000480e-02
9.839999999999999858e+00	8.135530000000000539e-02	7.855810000000000570e-02	8.393359999999999710e-02
9.859999999999999432e+00	8.085320000000000007e-02	7.803580000000000239e-02	8.345239999999999603e-02
9.880000000000000782e+00	8.034929999999999850e-02	7.751080000000000469e-02	8.296929999999999583e-02
9.900000000000000355e+00	7.984199999999999631e-02	7.698729999999999463e-02	8.248410000000000464e-02
9.919999999999999929e+00	7.933869999999999811e-02	7.646469999999999656e-02	8.199710000000000332e-02
9.939999999999999503e+00	7.883389999999999842e-02	7.594069999999999987e-02	8.151220000000000687e-02
9.960000000000000853e+00	7.832749999999999435e-02	7.541499999999999593e-02	8.102579999999999505e-02
9.980000000000000426e+00	7.781920000000000504e-02	7.488630000000000286e-02	8.053760000000000085e-02
1.000000000000000000e+01	7.730850000000000222e-02	7.436099999999999655e-02	8.004719999999999891e-02
1.001999999999999957e+01	7.680140000000000577e-02	7.383570000000000411e-02	7.955600000000000172e-02
1.003999999999999915e+01	7.629289999999999683e-02	7.330910000000000204e-02	7.906649999999999789e-02
1.006000000000000050e+01	7.578300000000000314e-02	7.278080000000000660e-02	7.857550000000000645e-02
1.008000000000000007e+01	7.527119999999999644e-02	7.224940000000000528e-02	7.808289999999999675e-02
1.009999999999999964e+01	7.475790000000000213e-02	7.172309999999999797e-02	7.758790000000000131e-02
1.011999999999999922e+01	7.424769999999999981e-02	7.119580000000000353e-02	7.709340000000000637e-02
1.014000000000000057e+01	7.373630000000000462e-02	7.066740000000000521e-02	7.659989999999999855e-02
1.016000000000000014e+01	7.322359999999999980e-02	7.013740000000000252e-02	7.610509999999999498e-02
1.017999999999999972e+01	7.270890000000000686e-02	6.960510000000000308e-02	7.560880000000000378e-02
1.019999999999999929e+01	7.219380000000000241e-02	6.907760000000000289e-02	7.510980000000000434e-02
1.022000000000000064e+01	7.168140000000000622e-02	6.854920000000000457e-02	7.461280000000000689e-02
1.024000000000000021e+01	7.116780000000000328e-02	6.801970000000000238e-02	7.411619999999999320e-02
1.025999999999999979e+01	7.065299999999999359e-02	6.748869999999999869e-02	7.361829999999999763e-02
1.027999999999999936e+01	7.013610000000000677e-02	6.695650000000000213e-02	7.311900000000000344e-02
1.030000000000000071e+01	6.962019999999999320e-02	6.642860000000000431e-02	7.261670000000000624e-02
1.032000000000000028e+01	6.910620000000000651e-02	6.589989999999999737e-02	7.211819999999999342e-02
1.033999999999999986e+01	6.859129999999999394e-02	6.537030000000000618e-02	7.161910000000000498e-02
1.035999999999999943e+01	6.807520000000000238e-02	6.483909999999999674e-02	7.111889999999999878e-02
1.038000000000000078e+01	6.755680000000000018e-02	6.430790000000000117e-02	7.061720000000000497e-02
1.040000000000000036e+01	6.704090000000000049e-02	6.378040000000000098e-02	7.011290000000000577e-02
1.041999999999999993e+01	6.652619999999999367e-02	6.325219999999999454e-02	6.961299999999999433e-02
1.043999999999999950e+01	6.601070000000000548e-02	6.272320000000000673e-02	6.911209999999999576e-02
1.046000000000000085e+01	6.549399999999999666e-02	6.219249999999999778e-02	6.861019999999999619e-02
1.048000000000000043e+01	6.497469999999999635e-02	6.166329999999999728e-02	6.810700000000000087e-02
1.050000000000000000e+01	6.446000000000000341e-02	6.113709999999999978e-02	6.760190000000000643e-02
1.051999999999999957e+01	6.394539999999999946e-02	6.061040000000000177e-02	6.710090000000000499e-02
1.053999999999999915e+01	6.343000000000000027e-02	6.008290000000000158e-02	6.659900000000000542e-02
1.056000000000000050e+01	6.291349999999999720e-02	5.955350000000000227e-02	6.609619999999999385e-02
1.058000000000000007e+01	6.239460000000000145e-02	5.902729999999999783e-02	6.559199999999999753e-02
1.059999999999999964e+01	6.188130000000000019e-02	5.850319999999999826e-02	6.508709999999999496e-02
1.061999999999999922e+01	6.136749999999999844e-02	5.797859999999999819e-02	6.458560000000000689e-02
1.064000000000000057e+01	6.085310000000000025e-02	5.745340000000000169e-02	6.408350000000000157e-02
1.066000000000000014e+01	6.033759999999999818e-02	5.692570000000000269e-02	6.358049999999999813e-02
1.067999999999999972e+01	5.982060000000000155e-02	5.640379999999999699e-02	6.307609999999999606e-02
1.069999999999999929e+01	5.930889999999999773e-02	5.588250000000000162e-02	6.257210000000000549e-02
1.072000000000000064e+01	5.879680000000000323e-02	5.536100000000000049e-02	6.207100000000000117e-02
1.074000000000000021e+01	5.828409999999999841e-02	5.483880000000000005e-02	6.156940000000000329e-02
1.075999999999999979e+01	5.777039999999999953e-02	5.431430000000000285e-02	6.106700000000000322e-02
1.077999999999999936e+01	5.725639999999999896e-02	5.379679999999999879e-02	6.056299999999999878e-02
1.080000000000000071e+01	5.674690000000000289e-02	5.327930000000000166e-02	6.006079999999999752e-02
1.082000000000000028e+01	5.623729999999999701e-02	5.276170000000000165e-02	5.956079999999999708e-02
1.083999999999999986e+01	5.572710000000000163e-02	5.224329999999999946e-02	5.906039999999999901e-02
1.085999999999999943e+01	5.521589999999999832e-02	5.172369999999999746e-02	5.855930000000000163e-02
1.088000000000000078e+01	5.470560000000000006e-02	5.121080000000000076e-02	5.805629999999999818e-02
1.090000000000000036e+01	5.419920000000000293e-02	5.069789999999999713e-02	5.755690000000000112e-02
1.091999999999999993e+01	5.369279999999999886e-02	5.018489999999999757e-02	5.705890000000000267e-02
1.093999999999999950e+01	5.318590000000000123e-02	4.967119999999999869e-02	5.656049999999999967e-02
1.096000000000000085e+01	5.267779999999999685e-02	4.915760000000000268e-02	5.606150000000000022e-02
1.098000000000000043e+01	5.217220000000000191e-02	4.864990000000000286e-02	5.556010000000000115e-02
1.100000000000000000e+01	5.166980000000000184e-02	4.814240000000000186e-02	5.506459999999999827e-02
1.101999999999999957e+01	5.116720000000000296e-02	4.763490000000000085e-02	5.456910000000000233e-02
1.103999999999999915e+01	5.066450000000000120e-02	4.712670000000000053e-02	5.407349999999999657e-02
1.106000000000000050e+01	5.016000000000000320e-02	4.662000000000000172e-02	5.357719999999999844e-02
1.108000000000000007e+01	4.966009999999999869e-02	4.611830000000000096e-02	5.307919999999999999e-02
1.109999999999999964e+01	4.916240000000000193e-02	4.561710000000000070e-02	5.258720000000000061e-02
1.111999999999999922e+01	4.866469999999999824e-02	4.511579999999999757e-02	5.209520000000000123e-02
1.114000000000000057e+01	4.816680000000000267e-02	4.461360000000000325e-02	5.160300000000000303e-02
1.116000000000000014e+01	4.766660000000000341e-02	4.411480000000000262e-02	5.111020000000000146e-02
1.117999999999999972e+01	4.717369999999999897e-02	4.361999999999999905e-02	5.061670000000000058e-02
1.119999999999999929e+01	4.668139999999999790e-02	4.312570000000000292e-02	5.012869999999999826e-02
1.122000000000000064e+01	4.618930000000000258e-02	4.263159999999999866e-02	4.964079999999999881e-02
1.124000000000000021e+01	4.569700000000000151e-02	4.213589999999999697e-02	4.915280000000000343e-02
1.125999999999999979e+01	4.520310000000000300e-02	4.164600000000000246e-02	4.866410000000000180e-02
1.127999999999999936e+01	4.471660000000000218e-02	4.115900000000000114e-02	4.817590000000000067e-02
1.130000000000000071e+01	4.423060000000000186e-02	4.067250000000000032e-02	4.769269999999999760e-02
1.132000000000000028e+01	4.374480000000000035e-02	4.018610000000000237e-02	4.720970000000000028e-02
1.133999999999999986e+01	4.325880000000000003e-02	3.969759999999999955e-02	4.672670000000000295e-02
1.135999999999999943e+01	4.277240000000000208e-02	3.921789999999999998e-02	4.624290000000000345e-02
1.138000000000000078e+01	4.229279999999999845e-02	3.873950000000000310e-02	4.576100000000000306e-02
1.140000000000000036e+01	4.181370000000000225e-02	3.826159999999999978e-02	4.528329999999999855e-02
1.141999999999999993e+01	4.133499999999999674e-02	3.778390000000000221e-02	4.480590000000000267e-02
1.143999999999999950e+01	4.085590000000000055e-02	3.730470000000000314e-02	4.432860000000000272e-02
1.146000000000000085e+01	4.037779999999999841e-02	3.683469999999999800e-02	4.385030000000000178e-02
1.148000000000000043e+01	3.990579999999999822e-02	3.636550000000000199e-02	4.337560000000000027e-02
1.150000000000000000e+01	3.943460000000000021e-02	3.589699999999999835e-02	4.290410000000000057e-02
1.151999999999999957e+01	3.896369999999999695e-02	3.542859999999999759e-02	4.243310000000000137e-02
1.153999999999999915e+01	3.849230000000000013e-02	3.496019999999999683e-02	4.196210000000000218e-02
1.156000000000000050e+01	3.802350000000000174e-02	3.450009999999999882e-02	4.148980000000000029e-02
1.158000000000000007e+01	3.756000000000000311e-02	3.404100000000000181e-02	4.102320000000000272e-02
1.159999999999999964e+01	3.709719999999999684e-02	3.358270000000000005e-02	4.055870000000000308e-02
1.161999999999999922e+01	3.663489999999999802e-02	3.312430000000000235e-02	4.009469999999999701e-02
1.164000000000000057e+01	3.617179999999999701e-02	3.266750000000000209e-02	3.963080000000000075e-02
1.166000000000000014e+01	3.571330000000000338e-02	3.221809999999999952e-02	3.916499999999999843e-02
1.167999999999999972e+01	3.525899999999999868e-02	3.176989999999999675e-02	3.870740000000000292e-02
1.169999999999999929e+01	3.480550000000000310e-02	3.132240000000000024e-02	3.825060000000000265e-02
1.172000000000000064e+01	3.435239999999999821e-02	3.087449999999999917e-02	3.779439999999999883e-02
1.174000000000000021e+01	3.389799999999999758e-02	3.043020000000000100e-02	3.733829999999999788e-02
1.175999999999999979e+01	3.345089999999999869e-02	2.999239999999999892e-02	3.688140000000000168e-02
1.177999999999999936e+01	3.300650000000000112e-02	2.955570000000000072e-02	3.643219999999999792e-02
1.180000000000000071e+01	3.256300000000000167e-02	2.911980000000000124e-02	3.598380000000000328e-02
1.182000000000000028e+01	3.211989999999999984e-02	2.868319999999999897e-02	3.553610000000000102e-02
1.183999999999999986e+01	3.167509999999999770e-02	2.825249999999999984e-02	3.508839999999999876e-02
1.185999999999999943e+01	3.124009999999999981e-02	2.782700000000000104e-02	3.464119999999999699e-02
1.188000000000000078e+01	3.080629999999999827e-02	2.740259999999999918e-02	3.420100000000000223e-02
1.190000000000000036e+01	3.037339999999999832e-02	2.697909999999999892e-02	3.376180000000000153e-02
1.191999999999999993e+01	2.994089999999999946e-02	2.655389999999999834e-02	3.332319999999999727e-02
1.193999999999999950e+01	2.950790000000000010e-02	2.613810000000000092e-02	3.288459999999999994e-02
1.196000000000000085e+01	2.908420000000000102e-02	2.572549999999999837e-02	3.244790000000000174e-02
1.198000000000000043e+01	2.866169999999999829e-02	2.531419999999999851e-02	3.201749999999999735e-02
1.200000000000000000e+01	2.824029999999999943e-02	2.490349999999999855e-02	3.158810000000000090e-02
1.201999999999999957e+01	2.781909999999999938e-02	2.449080000000000007e-02	3.115949999999999970e-02
1.203999999999999915e+01	2.739880000000000093e-02	2.409040000000000140e-02	3.073050000000000087e-02
1.206000000000000050e+01	2.698709999999999998e-02	2.369160000000000016e-02	3.030520000000000089e-02
1.208000000000000007e+01	2.657670000000000171e-02	2.329399999999999873e-02	2.988510000000000125e-02
1.209999999999999964e+01	2.616730000000000098e-02	2.289690000000000128e-02	2.946620000000000142e-02
1.211999999999999922e+01	2.575799999999999965e-02	2.249929999999999986e-02	2.904800000000000090e-02
1.214000000000000057e+01	2.535130000000000022e-02	2.211319999999999952e-02	2.862900000000000167e-02
1.216000000000000014e+01	2.495230000000000017e-02	2.172870000000000010e-02	2.821610000000000090e-02
1.217999999999999972e+01	2.455459999999999934e-02	2.134540000000000048e-02	2.780720000000000067e-02
1.219999999999999929e+01	2.415799999999999892e-02	2.096239999999999909e-02	2.739940000000000084e-02
1.222000000000000064e+01	2.376090000000000146e-02	2.058079999999999979e-02	2.699239999999999973e-02
1.224000000000000021e+01	2.336879999999999860e-02	2.020960000000000117e-02	2.658369999999999830e-02
1.225999999999999979e+01	2.298309999999999936e-02	1.984000000000000000e-02	2.618430000000000063e-02
1.227999999999999936e+01	2.259879999999999875e-02	1.947159999999999863e-02	2.578719999999999971e-02
1.230000000000000071e+01	2.221549999999999914e-02	1.910310000000000133e-02	2.539129999999999859e-02
1.232000000000000028e+01	2.183119999999999852e-02	1.873829999999999940e-02	2.499600000000000086e-02
1.233999999999999986e+01	2.145470000000000016e-02	1.838280000000000122e-02	2.459940000000000043e-02
1.235999999999999943e+01	2.108300000000000105e-02	1.802890000000000048e-02	2.421320000000000069e-02
1.238000000000000078e+01	2.071270000000000056e-02	1.767600000000000074e-02	2.382849999999999899e-02
1.240000000000000036e+01	2.034319999999999878e-02	1.732250000000000109e-02	2.344500000000000056e-02
1.241999999999999993e+01	1.997149999999999967e-02	1.697550000000000101e-02	2.306199999999999917e-02
1.243999999999999950e+01	1.961200000000000096e-02	1.663620000000000029e-02	2.267910000000000065e-02
1.246000000000000085e+01	1.925479999999999900e-02	1.629840000000000108e-02	2.230590000000000003e-02
1.248000000000000043e+01	1.889899999999999913e-02	1.596159999999999940e-02	2.193430000000000032e-02
1.250000000000000000e+01	1.854389999999999858e-02	1.562299999999999973e-02	2.156380000000000102e-02
1.251999999999999957e+01	1.818729999999999999e-02	1.529499999999999957e-02	2.119359999999999994e-02
1.253999999999999915e+01	1.784370000000000053e-02	1.497240000000000029e-02	2.082530000000000145e-02
1.256000000000000050e+01	1.750169999999999851e-02	1.465130000000000078e-02	2.046569999999999986e-02
1.258000000000000007e+01	1.716109999999999858e-02	1.433090000000000058e-02	2.010759999999999978e-02
1.259999999999999964e+01	1.682089999999999974e-02	1.400700000000000035e-02	1.975069999999999951e-02
1.261999999999999922e+01	1.648099999999999912e-02	1.369949999999999987e-02	1.939379999999999923e-02
1.264000000000000057e+01	1.615300000000000069e-02	1.339410000000000080e-02	1.904070000000000068e-02
1.266000000000000014e+01	1.582669999999999910e-02	1.309010000000000035e-02	1.869530000000000150e-02
1.267999999999999972e+01	1.550170000000000020e-02	1.278649999999999926e-02	1.835140000000000035e-02
1.269999999999999929e+01	1.517669999999999957e-02	1.248089999999999963e-02	1.800859999999999961e-02
1.272000000000000064e+01	1.485419999999999970e-02	1.219149999999999921e-02	1.766500000000000015e-02
1.274000000000000021e+01	1.454249999999999987e-02	1.190380000000000084e-02	1.732819999999999847e-02
1.275999999999999979e+01	1.423239999999999922e-02	1.161730000000000054e-02	1.699760000000000160e-02
1.277999999999999936e+01	1.392340000000000071e-02	1.133080000000000025e-02	1.666839999999999988e-02
1.280000000000000071e+01	1.361389999999999996e-02	1.104469999999999931e-02	1.634019999999999917e-02
1.282000000000000028e+01	1.330959999999999956e-02	1.077329999999999954e-02	1.601040000000000102e-02
1.283999999999999986e+01	1.301459999999999943e-02	1.050360000000000009e-02	1.569100000000000009e-02
1.285999999999999943e+01	1.272110000000000081e-02	1.023489999999999990e-02	1.537559999999999968e-02
1.288000000000000078e+01	1.242859999999999972e-02	9.965500000000000400e-03	1.506159999999999964e-02
1.290000000000000036e+01	1.213449999999999945e-02	9.699499999999999789e-03	1.474840000000000005e-02
1.291999999999999993e+01	1.184950000000000066e-02	9.446799999999999989e-03	1.443260000000000029e-02
1.293999999999999950e+01	1.157159999999999959e-02	9.195500000000000548e-03	1.413120000000000001e-02
1.296000000000000085e+01	1.129520000000000003e-02	8.944999999999999826e-03	1.383150000000000004e-02
1.298000000000000043e+01	1.101949999999999978e-02	8.692800000000000527e-03	1.353320000000000044e-02
1.300000000000000000e+01	1.074059999999999945e-02	8.448000000000000648e-03	1.323539999999999960e-02
1.301999999999999957e+01	1.047619999999999975e-02	8.214199999999999627e-03	1.293659999999999949e-02
1.303999999999999915e+01	1.021580000000000057e-02	7.981600000000000153e-03	1.265140000000000015e-02
1.306000000000000050e+01	9.956700000000000619e-03	7.749400000000000038e-03	1.236779999999999997e-02
1.308000000000000007e+01	9.697799999999999476e-03	7.513999999999999846e-03	1.208550000000000076e-02
1.309999999999999964e+01	9.435400000000000037e-03	7.291399999999999965e-03	1.180329999999999921e-02
1.311999999999999922e+01	9.191299999999999470e-03	7.076700000000000004e-03	1.152229999999999921e-02
1.314000000000000057e+01	8.948700000000000404e-03	6.863000000000000177e-03	1.125370000000000016e-02
1.316000000000000014e+01	8.707299999999999415e-03	6.649200000000000076e-03	1.098670000000000029e-02
1.317999999999999972e+01	8.465699999999999614e-03	6.429599999999999725e-03	1.072080000000000082e-02
1.319999999999999929e+01	8.222800000000000595e-03	6.231000000000000427e-03	1.045429999999999970e-02
1.322000000000000064e+01	7.997000000000000636e-03	6.035399999999999793e-03	1.019180000000000086e-02
1.324000000000000021e+01	7.772600000000000169e-03	5.840599999999999611e-03	9.940100000000000324e-03
1.325999999999999979e+01	7.549000000000000155e-03	5.645100000000000118e-03	9.689899999999999555e-03
1.327999999999999936e+01	7.324599999999999687e-03	5.444400000000000281e-03	9.440600000000000380e-03
1.330000000000000071e+01	7.101699999999999853e-03	5.267100000000000254e-03	9.189700000000000299e-03
1.332000000000000028e+01	6.894400000000000181e-03	5.090700000000000086e-03	8.946499999999999592e-03
1.333999999999999986e+01	6.688300000000000321e-03	4.914800000000000418e-03	8.712199999999999805e-03
1.335999999999999943e+01	6.482700000000000094e-03	4.737400000000000118e-03	8.479199999999999238e-03
1.338000000000000078e+01	6.275300000000000149e-03	4.558300000000000372e-03	8.246800000000000311e-03
1.340000000000000036e+01	6.073300000000000226e-03	4.400300000000000218e-03	8.011400000000000118e-03
1.341999999999999993e+01	5.884600000000000247e-03	4.243199999999999923e-03	7.788699999999999964e-03
1.343999999999999950e+01	5.696800000000000128e-03	4.086000000000000222e-03	7.571999999999999738e-03
1.346000000000000085e+01	5.509100000000000281e-03	3.926500000000000302e-03	7.356399999999999918e-03
1.348000000000000043e+01	5.318100000000000084e-03	3.769300000000000168e-03	7.140900000000000372e-03
1.350000000000000000e+01	5.137899999999999932e-03	3.630400000000000207e-03	6.920100000000000209e-03
1.351999999999999957e+01	4.967799999999999647e-03	3.492100000000000152e-03	6.719400000000000373e-03
1.353999999999999915e+01	4.798499999999999814e-03	3.353399999999999870e-03	6.520399999999999981e-03
1.356000000000000050e+01	4.628700000000000349e-03	3.210900000000000039e-03	6.322300000000000315e-03
1.358000000000000007e+01	4.453300000000000314e-03	3.076100000000000015e-03	6.123800000000000424e-03
1.359999999999999964e+01	4.296200000000000019e-03	2.955800000000000181e-03	5.921899999999999907e-03
1.361999999999999922e+01	4.144700000000000294e-03	2.835700000000000026e-03	5.739600000000000084e-03
1.364000000000000057e+01	3.993599999999999928e-03	2.714799999999999852e-03	5.558399999999999799e-03
1.366000000000000014e+01	3.841499999999999863e-03	2.588500000000000089e-03	5.377800000000000288e-03
1.367999999999999972e+01	3.681999999999999943e-03	2.476499999999999969e-03	5.196000000000000098e-03
1.369999999999999929e+01	3.547900000000000099e-03	2.373800000000000129e-03	5.013799999999999681e-03
1.372000000000000064e+01	3.414599999999999840e-03	2.271200000000000128e-03	4.849499999999999644e-03
1.374000000000000021e+01	3.281399999999999855e-03	2.167300000000000042e-03	4.686199999999999741e-03
1.375999999999999979e+01	3.146599999999999831e-03	2.055500000000000035e-03	4.523100000000000384e-03
1.377999999999999936e+01	3.007699999999999870e-03	1.966199999999999979e-03	4.357800000000000215e-03
1.380000000000000071e+01	2.891599999999999813e-03	1.880200000000000057e-03	4.196000000000000077e-03
1.382000000000000028e+01	2.775999999999999822e-03	1.793799999999999908e-03	4.049699999999999828e-03
1.383999999999999986e+01	2.660200000000000151e-03	1.705799999999999938e-03	3.904100000000000192e-03
1.385999999999999943e+01	2.541900000000000149e-03	1.611100000000000075e-03	3.758399999999999849e-03
1.388000000000000078e+01	2.423699999999999986e-03	1.539999999999999919e-03	3.609199999999999908e-03
1.390000000000000036e+01	2.324699999999999857e-03	1.469000000000000037e-03	3.468399999999999955e-03
1.391999999999999993e+01	2.226000000000000114e-03	1.397599999999999927e-03	3.339799999999999974e-03
1.393999999999999950e+01	2.126799999999999871e-03	1.324199999999999986e-03	3.211599999999999785e-03
1.396000000000000085e+01	2.024199999999999871e-03	1.247999999999999977e-03	3.082699999999999850e-03
1.398000000000000043e+01	1.926200000000000091e-03	1.190400000000000095e-03	2.948699999999999845e-03
1.400000000000000000e+01	1.843299999999999973e-03	1.132900000000000053e-03	2.829499999999999984e-03
1.401999999999999957e+01	1.760400000000000072e-03	1.074700000000000048e-03	2.718100000000000203e-03
1.403999999999999915e+01	1.676600000000000095e-03	1.014200000000000041e-03	2.606799999999999829e-03
1.406000000000000050e+01	1.588599999999999908e-03	9.546999999999999497e-04	2.494300000000000076e-03
1.408000000000000007e+01	1.510099999999999897e-03	9.089000000000000291e-04	2.373999999999999808e-03
1.409999999999999964e+01	1.441800000000000026e-03	8.630000000000000518e-04	2.277099999999999784e-03
1.411999999999999922e+01	1.373300000000000042e-03	8.164000000000000033e-04	2.181999999999999912e-03
1.414000000000000057e+01	1.303799999999999924e-03	7.671000000000000518e-04	2.086800000000000200e-03
1.416000000000000014e+01	1.228600000000000048e-03	7.221000000000000422e-04	1.990000000000000015e-03
1.417999999999999972e+01	1.168500000000000051e-03	6.861999999999999827e-04	1.887500000000000072e-03
1.419999999999999929e+01	1.113099999999999897e-03	6.501000000000000268e-04	1.807400000000000022e-03
1.422000000000000064e+01	1.057500000000000063e-03	6.132999999999999997e-04	1.727599999999999926e-03
1.424000000000000021e+01	1.000599999999999927e-03	5.735000000000000080e-04	1.647500000000000093e-03
1.425999999999999979e+01	9.372000000000000122e-04	5.408000000000000263e-04	1.565299999999999938e-03
1.427999999999999936e+01	8.930000000000000221e-04	5.129000000000000529e-04	1.481099999999999951e-03
1.430000000000000071e+01	8.488000000000000319e-04	4.849000000000000228e-04	1.415199999999999922e-03
1.432000000000000028e+01	8.044000000000000369e-04	4.561999999999999758e-04	1.349399999999999948e-03
1.433999999999999986e+01	7.584999999999999512e-04	4.239000000000000038e-04	1.283000000000000069e-03
1.435999999999999943e+01	7.094000000000000045e-04	4.011999999999999941e-04	1.214100000000000075e-03
1.438000000000000078e+01	6.748000000000000309e-04	3.799000000000000185e-04	1.147100000000000073e-03
1.440000000000000036e+01	6.401000000000000006e-04	3.583999999999999838e-04	1.093699999999999967e-03
1.441999999999999993e+01	6.051000000000000172e-04	3.361999999999999863e-04	1.040300000000000079e-03
1.443999999999999950e+01	5.686000000000000516e-04	3.113999999999999798e-04	9.862000000000000106e-04
1.446000000000000085e+01	5.316999999999999678e-04	2.952000000000000197e-04	9.290999999999999780e-04
1.448000000000000043e+01	5.048999999999999669e-04	2.790000000000000054e-04	8.773999999999999681e-04
1.450000000000000000e+01	4.780000000000000178e-04	2.625999999999999862e-04	8.348999999999999651e-04
1.451999999999999957e+01	4.507000000000000047e-04	2.455000000000000042e-04	7.923000000000000138e-04
1.453999999999999915e+01	4.218000000000000070e-04	2.275000000000000004e-04	7.489000000000000431e-04
1.456000000000000050e+01	3.948000000000000012e-04	2.151999999999999996e-04	7.018000000000000366e-04
1.458000000000000007e+01	3.742999999999999908e-04	2.030000000000000012e-04	6.635999999999999755e-04
1.459999999999999964e+01	3.535999999999999755e-04	1.904999999999999955e-04	6.302000000000000310e-04
1.461999999999999922e+01	3.326000000000000072e-04	1.772999999999999999e-04	5.967000000000000299e-04
1.464000000000000057e+01	3.098999999999999975e-04	1.644999999999999869e-04	5.624000000000000093e-04
1.466000000000000014e+01	2.907000000000000187e-04	1.553000000000000073e-04	5.236000000000000420e-04
1.467999999999999972e+01	2.751000000000000190e-04	1.461000000000000005e-04	4.968999999999999893e-04
1.469999999999999929e+01	2.594000000000000168e-04	1.367999999999999913e-04	4.711000000000000127e-04
1.472000000000000064e+01	2.433000000000000050e-04	1.266999999999999897e-04	4.449999999999999746e-04
1.474000000000000021e+01	2.253000000000000011e-04	1.178000000000000038e-04	4.181000000000000254e-04
1.475999999999999979e+01	2.121000000000000055e-04	1.108999999999999987e-04	3.885000000000000107e-04
1.477999999999999936e+01	2.002999999999999898e-04	1.040999999999999960e-04	3.687000000000000173e-04
1.480000000000000071e+01	1.883999999999999987e-04	9.710000000000000206e-05	3.489000000000000239e-04
1.482000000000000028e+01	1.760999999999999979e-04	8.930000000000000221e-05	3.288000000000000232e-04
1.483999999999999986e+01	1.620000000000000075e-04	8.320000000000000301e-05	3.079000000000000031e-04
1.485999999999999943e+01	1.532000000000000104e-04	7.820000000000000345e-05	2.862000000000000178e-04
1.488000000000000078e+01	1.444000000000000134e-04	7.310000000000000146e-05	2.711999999999999784e-04
1.490000000000000036e+01	1.354999999999999868e-04	6.789999999999999703e-05	2.560999999999999908e-04
1.491999999999999993e+01	1.262000000000000047e-04	6.190000000000000027e-05	2.407999999999999984e-04
1.493999999999999950e+01	1.161000000000000031e-04	5.800000000000000034e-05	2.246999999999999865e-04
1.496000000000000085e+01	1.095999999999999942e-04	5.429999999999999850e-05	2.090999999999999868e-04
1.498000000000000043e+01	1.029999999999999964e-04	5.059999999999999665e-05	1.977000000000000079e-04
1.500000000000000000e+01	9.629999999999999617e-05	4.669999999999999672e-05	1.863000000000000018e-04
1.501999999999999957e+01	8.930000000000000221e-05	4.229999999999999819e-05	1.746999999999999909e-04
1.503999999999999915e+01	8.220000000000000581e-05	3.970000000000000276e-05	1.621000000000000099e-04
1.506000000000000050e+01	7.729999999999999513e-05	3.710000000000000054e-05	1.511999999999999889e-04
1.508000000000000007e+01	7.250000000000000043e-05	3.440000000000000268e-05	1.426999999999999992e-04
1.509999999999999964e+01	6.750000000000000086e-05	3.149999999999999995e-05	1.341000000000000070e-04
1.511999999999999922e+01	6.219999999999999401e-05	2.850000000000000157e-05	1.254000000000000123e-04
1.514000000000000057e+01	5.739999999999999931e-05	2.669999999999999847e-05	1.156999999999999934e-04
1.516000000000000014e+01	5.379999999999999989e-05	2.479999999999999972e-05	1.082000000000000008e-04
1.517999999999999972e+01	5.020000000000000048e-05	2.290000000000000098e-05	1.018999999999999968e-04
1.519999999999999929e+01	4.660000000000000107e-05	2.080000000000000075e-05	9.550000000000000383e-05
1.522000000000000064e+01	4.259999999999999871e-05	1.879999999999999957e-05	8.890000000000000604e-05
1.524000000000000021e+01	3.929999999999999981e-05	1.749999999999999847e-05	8.119999999999999505e-05
1.525999999999999979e+01	3.680000000000000003e-05	1.620000000000000075e-05	7.640000000000000035e-05
1.527999999999999936e+01	3.419999999999999782e-05	1.489999999999999964e-05	7.179999999999999696e-05
1.530000000000000071e+01	3.149999999999999995e-05	1.340000000000000045e-05	6.710000000000000469e-05
1.532000000000000028e+01	2.850000000000000157e-05	1.209999999999999935e-05	6.210000000000000513e-05
1.533999999999999986e+01	2.640000000000000135e-05	1.130000000000000023e-05	5.670000000000000262e-05
1.535999999999999943e+01	2.460000000000000164e-05	1.040000000000000038e-05	5.330000000000000129e-05
1.538000000000000078e+01	2.279999999999999854e-05	9.399999999999999786e-06	4.989999999999999997e-05
1.540000000000000036e+01	2.089999999999999980e-05	8.399999999999999196e-06	4.640000000000000298e-05
1.541999999999999993e+01	1.870000000000000053e-05	7.600000000000000080e-06	4.270000000000000114e-05
1.543999999999999950e+01	1.739999999999999942e-05	6.999999999999999895e-06	3.889999999999999686e-05
1.546000000000000085e+01	1.620000000000000075e-05	6.399999999999999710e-06	3.639999999999999708e-05
1.548000000000000043e+01	1.489999999999999964e-05	5.800000000000000373e-06	3.399999999999999973e-05
1.550000000000000000e+01	1.349999999999999949e-05	5.000000000000000409e-06	3.149999999999999995e-05
1.551999999999999957e+01	1.209999999999999935e-05	4.600000000000000004e-06	2.879999999999999870e-05
1.553999999999999915e+01	1.119999999999999949e-05	4.199999999999999598e-06	2.619999999999999987e-05
1.556000000000000050e+01	1.029999999999999964e-05	3.800000000000000040e-06	2.449999999999999921e-05
1.558000000000000007e+01	9.500000000000000523e-06	3.400000000000000058e-06	2.269999999999999950e-05
1.559999999999999964e+01	8.499999999999999933e-06	2.900000000000000186e-06	2.089999999999999980e-05
1.561999999999999922e+01	7.600000000000000080e-06	2.699999999999999984e-06	1.900000000000000105e-05
1.564000000000000057e+01	6.999999999999999895e-06	2.399999999999999891e-06	1.730000000000000038e-05
1.566000000000000014e+01	6.399999999999999710e-06	2.200000000000000112e-06	1.609999999999999832e-05
1.567999999999999972e+01	5.800000000000000373e-06	1.900000000000000020e-06	1.489999999999999964e-05
1.569999999999999929e+01	5.200000000000000188e-06	1.599999999999999928e-06	1.360000000000000023e-05
1.572000000000000064e+01	4.600000000000000004e-06	1.500000000000000038e-06	1.209999999999999935e-05
1.574000000000000021e+01	4.199999999999999598e-06	1.300000000000000047e-06	1.110000000000000045e-05
1.575999999999999979e+01	3.800000000000000040e-06	1.199999999999999946e-06	1.029999999999999964e-05
1.577999999999999936e+01	3.400000000000000058e-06	9.999999999999999547e-07	9.500000000000000523e-06
1.580000000000000071e+01	3.000000000000000076e-06	7.999999999999999638e-07	8.600000000000000670e-06
1.582000000000000028e+01	2.699999999999999984e-06	7.999999999999999638e-07	7.500000000000000190e-06
1.583999999999999986e+01	2.399999999999999891e-06	6.999999999999999683e-07	6.999999999999999895e-06
1.585999999999999943e+01	2.200000000000000112e-06	5.999999999999999728e-07	6.399999999999999710e-06
1.588000000000000078e+01	1.900000000000000020e-06	4.999999999999999774e-07	5.800000000000000373e-06
1.590000000000000036e+01	1.599999999999999928e-06	3.999999999999999819e-07	5.200000000000000188e-06
1.591999999999999993e+01	1.500000000000000038e-06	3.999999999999999819e-07	4.600000000000000004e-06
1.593999999999999950e+01	1.300000000000000047e-06	2.999999999999999864e-07	4.199999999999999598e-06
1.596000000000000085e+01	1.199999999999999946e-06	2.999999999999999864e-07	3.800000000000000040e-06
1.598000000000000043e+01	9.999999999999999547e-07	1.999999999999999909e-07	3.499999999999999947e-06
1.600000000000000000e+01	8.999999999999999593e-07	1.999999999999999909e-07	3.099999999999999966e-06
1.601999999999999957e+01	7.999999999999999638e-07	1.999999999999999909e-07	2.699999999999999984e-06
1.603999999999999915e+01	6.999999999999999683e-07	9.999999999999999547e-08	2.399999999999999891e-06
1.605999999999999872e+01	5.999999999999999728e-07	9.999999999999999547e-08	2.200000000000000112e-06
1.607999999999999829e+01	4.999999999999999774e-07	9.999999999999999547e-08	1.999999999999999909e-06
1.610000000000000142e+01	3.999999999999999819e-07	9.999999999999999547e-08	1.700000000000000029e-06
1.612000000000000099e+01	3.999999999999999819e-07	9.999999999999999547e-08	1.500000000000000038e-06
1.614000000000000057e+01	2.999999999999999864e-07	9.999999999999999547e-08	1.300000000000000047e-06
1.616000000000000014e+01	2.999999999999999864e-07	0.000000000000000000e+00	1.199999999999999946e-06
1.617999999999999972e+01	1.999999999999999909e-07	0.000000000000000000e+00	1.100000000000000056e-06
1.619999999999999929e+01	1.999999999999999909e-07	0.000000000000000000e+00	8.999999999999999593e-07
1.621999999999999886e+01	1.999999999999999909e-07	0.000000000000000000e+00	7.999999999999999638e-07
1.623999999999999844e+01	9.999999999999999547e-08	0.000000000000000000e+00	6.999999999999999683e-07
1.626000000000000156e+01	9.999999999999999547e-08	0.000000000000000000e+00	5.999999999999999728e-07
1.628000000000000114e+01	9.999999999999999547e-08	0.000000000000000000e+00	4.999999999999999774e-07
1.630000000000000071e+01	9.999999999999999547e-08	0.000000000000000000e+00	3.999999999999999819e-07
1.632000000000000028e+01	9.999999999999999547e-08	0.000000000000000000e+00	3.999999999999999819e-07
1.633999999999999986e+01	9.999999999999999547e-08	0.000000000000000000e+00	2.999999999999999864e-07
1.635999999999999943e+01	0.000000000000000000e+00	0.000000000000000000e+00	2.999999999999999864e-07
1.637999999999999901e+01	0.000000000000000000e+00	0.000000000000000000e+00	1.999999999999999909e-07
1.639999999999999858e+01	0.000000000000000000e+00	0.000000000000000000e+00	1.999999999999999909e-07
1.642000000000000171e+01	0.000000000000000000e+00	0.000000000000000000e+00	1.999999999999999909e-07
1.644000000000000128e+01	0.000000000000000000e+00	0.000000000000000000e+00	9.999999999999999547e-08
1.646000000000000085e+01	0.000000000000000000e+00	0.000000000000000000e+00	9.999999999999999547e-08
1.648000000000000043e+01	0.000000000000000000e+00	0.000000000000000000e+00	9.999999999999999547e-08
1.650000000000000000e+01	0.000000000000000000e+00	0.000000000000000000e+00	9.999999999999999547e-08
1.651999999999999957e+01	0.000000000000000000e+00	0.000000000000000000e+00	9.999999999999999547e-08
1.653999999999999915e+01	0.000000000000000000e+00	0.000000000000000000e+00	9.999999999999999547e-08
1.655999999999999872e+01	0.000000000000000000e+00	0.000000000000000000e+00	0.000000000000000000e+00
