7.000000000000000000e+00 2.566948135028122852e+04
7.019999999999999574e+00 2.577173439789647455e+04
7.039999999999999147e+00 2.587400057652043688e+04
7.059999999999998721e+00 2.597627988615310096e+04
7.079999999999998295e+00 2.607857232679447770e+04
7.099999999999997868e+00 2.618087789844455983e+04
7.119999999999997442e+00 2.628319660110336190e+04
7.139999999999997016e+00 2.638552843477086208e+04
7.159999999999996589e+00 2.648787339944707492e+04
7.179999999999996163e+00 2.659023149513199678e+04
7.199999999999995737e+00 2.669260272182563494e+04
7.219999999999995310e+00 2.679498707952797486e+04
7.239999999999994884e+00 2.689738456823902379e+04
7.259999999999994458e+00 2.699979518795878539e+04
7.279999999999994031e+00 2.710221893868725965e+04
7.299999999999993605e+00 2.720465582042443930e+04
7.319999999999993179e+00 2.730710583317032433e+04
7.339999999999992752e+00 2.740956897692492203e+04
7.359999999999992326e+00 2.751204525168823602e+04
7.379999999999991900e+00 2.761453465746025176e+04
7.399999999999991473e+00 2.771703719424097653e+04
7.419999999999991047e+00 2.781955286203041032e+04
7.439999999999990621e+00 2.792208166082856042e+04
7.459999999999990195e+00 2.802462359063541226e+04
7.479999999999989768e+00 2.812717865145097676e+04
7.499999999999989342e+00 2.822974684327524665e+04
7.519999999999988916e+00 2.833232816610823647e+04
7.539999999999988489e+00 2.843492261994992441e+04
7.559999999999988063e+00 2.853753020480032501e+04
7.579999999999987637e+00 2.864015092065943463e+04
7.599999999999987210e+00 2.874278476752726056e+04
7.619999999999986784e+00 2.884543174540378823e+04
7.639999999999986358e+00 2.894809185428902492e+04
7.659999999999985931e+00 2.905076509418297428e+04
7.679999999999985505e+00 2.915345146508563630e+04
7.699999999999985079e+00 2.925615096699700371e+04
7.719999999999984652e+00 2.935886359991707650e+04
7.739999999999984226e+00 2.946158936384586195e+04
7.759999999999983800e+00 2.956432825878336371e+04
7.779999999999983373e+00 2.966708028472956721e+04
7.799999999999982947e+00 2.976984544168447974e+04
7.819999999999982521e+00 2.987262372964810129e+04
7.839999999999982094e+00 2.997541514862043914e+04
7.859999999999981668e+00 3.007821969860147874e+04
7.879999999999981242e+00 3.018103737959123100e+04
7.899999999999980815e+00 3.028386819158968865e+04
7.919999999999980389e+00 3.038671213459686624e+04
7.939999999999979963e+00 3.048956920861274193e+04
7.959999999999979536e+00 3.059243941363733029e+04
7.979999999999979110e+00 3.069532274967062767e+04
7.999999999999978684e+00 3.079821921671264136e+04
8.019999999999978257e+00 3.090112881476335679e+04
8.039999999999977831e+00 3.100405154382278124e+04
8.059999999999977405e+00 3.110698740389091836e+04
8.079999999999976978e+00 3.120993639496776814e+04
8.099999999999976552e+00 3.131289851705332330e+04
8.119999999999976126e+00 3.141587377014758385e+04
8.139999999999975699e+00 3.151886215425055707e+04
8.159999999999975273e+00 3.162186366936224658e+04
8.179999999999974847e+00 3.172487831548263784e+04
8.199999999999974420e+00 3.182790609261173813e+04
8.219999999999973994e+00 3.193094700074954744e+04
8.239999999999973568e+00 3.203400103989607305e+04
8.259999999999973141e+00 3.213706821005130041e+04
8.279999999999972715e+00 3.224014851121524043e+04
8.299999999999972289e+00 3.234324194338789312e+04
8.319999999999971863e+00 3.244634850656925119e+04
8.339999999999971436e+00 3.254946820075931828e+04
8.359999999999971010e+00 3.265260102595809076e+04
8.379999999999970584e+00 3.275574698216558318e+04
8.399999999999970157e+00 3.285890606938178098e+04
8.419999999999969731e+00 3.296207828760668053e+04
8.439999999999969305e+00 3.306526363684029639e+04
8.459999999999968878e+00 3.316846211708262126e+04
8.479999999999968452e+00 3.327167372833365516e+04
8.499999999999968026e+00 3.337489847059339809e+04
8.519999999999967599e+00 3.347813634386185004e+04
8.539999999999967173e+00 3.358138734813901829e+04
8.559999999999966747e+00 3.368465148342488101e+04
8.579999999999966320e+00 3.378792874971946003e+04
8.599999999999965894e+00 3.389121914702274807e+04
8.619999999999965468e+00 3.399452267533475242e+04
8.639999999999965041e+00 3.409783933465546579e+04
8.659999999999964615e+00 3.420116912498488091e+04
8.679999999999964189e+00 3.430451204632300505e+04
8.699999999999963762e+00 3.440786809866984549e+04
8.719999999999963336e+00 3.451123728202538769e+04
8.739999999999962910e+00 3.461461959638964618e+04
8.759999999999962483e+00 3.471801504176260642e+04
8.779999999999962057e+00 3.482142361814429023e+04
8.799999999999961631e+00 3.492484532553466852e+04
8.819999999999961204e+00 3.502828016393376311e+04
8.839999999999960778e+00 3.513172813334155944e+04
8.859999999999960352e+00 3.523518923375807935e+04
8.879999999999959925e+00 3.533866346518330101e+04
8.899999999999959499e+00 3.544215082761722442e+04
8.919999999999959073e+00 3.554565132105986413e+04
8.939999999999958646e+00 3.564916494551122014e+04
8.959999999999958220e+00 3.575269170097127790e+04
8.979999999999957794e+00 3.585623158744004468e+04
8.999999999999957367e+00 3.595978460491752048e+04
9.019999999999956941e+00 3.606335075340371259e+04
9.039999999999956515e+00 3.616693003289860644e+04
9.059999999999956088e+00 3.627052244340220932e+04
9.079999999999955662e+00 3.637412798491452122e+04
9.099999999999955236e+00 3.647774665743555670e+04
9.119999999999954809e+00 3.658137846096528665e+04
9.139999999999954383e+00 3.668502339550372562e+04
9.159999999999953957e+00 3.678868146105088090e+04
9.179999999999953531e+00 3.689235265760674520e+04
9.199999999999953104e+00 3.699603698517131852e+04
9.219999999999952678e+00 3.709973444374459359e+04
9.239999999999952252e+00 3.720344503332658496e+04
9.259999999999951825e+00 3.730716875391729263e+04
9.279999999999951399e+00 3.741090560551669478e+04
9.299999999999950973e+00 3.751465558812481322e+04
9.319999999999950546e+00 3.761841870174164069e+04
9.339999999999950120e+00 3.772219494636718446e+04
9.359999999999949694e+00 3.782598432200142997e+04
9.379999999999949267e+00 3.792978682864438451e+04
9.399999999999948841e+00 3.803360246629604808e+04
9.419999999999948415e+00 3.813743123495642794e+04
9.439999999999947988e+00 3.824127313462550956e+04
9.459999999999947562e+00 3.834512816530330019e+04
9.479999999999947136e+00 3.844899632698979985e+04
9.499999999999946709e+00 3.855287761968501582e+04
9.519999999999946283e+00 3.865677204338894080e+04
9.539999999999945857e+00 3.876067959810156754e+04
9.559999999999945430e+00 3.886460028382291057e+04
9.579999999999945004e+00 3.896853410055296263e+04
9.599999999999944578e+00 3.907248104829171643e+04
9.619999999999944151e+00 3.917644112703918654e+04
9.639999999999943725e+00 3.928041433679536567e+04
9.659999999999943299e+00 3.938440067756025383e+04
9.679999999999942872e+00 3.948840014933385100e+04
9.699999999999942446e+00 3.959241275211615721e+04
9.719999999999942020e+00 3.969643848590717243e+04
9.739999999999941593e+00 3.980047735070689669e+04
9.759999999999941167e+00 3.990452934651532996e+04
9.779999999999940741e+00 4.000859447333247226e+04
9.799999999999940314e+00 4.011267273115833086e+04
9.819999999999939888e+00 4.021676411999289121e+04
9.839999999999939462e+00 4.032086863983616058e+04
9.859999999999939035e+00 4.042498629068813898e+04
9.879999999999938609e+00 4.052911707254884095e+04
9.899999999999938183e+00 4.063326098541823740e+04
9.919999999999937756e+00 4.073741802929634287e+04
9.939999999999937330e+00 4.084158820418316463e+04
9.959999999999936904e+00 4.094577151007869543e+04
9.979999999999936477e+00 4.104996794698292797e+04
9.999999999999936051e+00 4.115417751489587681e+04
1.001999999999993562e+01 4.125840021381752740e+04
1.003999999999993520e+01 4.136263604374790157e+04
1.005999999999993477e+01 4.146688500468697748e+04
1.007999999999993435e+01 4.157114709663475514e+04
1.009999999999993392e+01 4.167542231959124911e+04
1.011999999999993349e+01 4.177971067355645937e+04
1.013999999999993307e+01 4.188401215853037138e+04
1.015999999999993264e+01 4.198832677451299242e+04
1.017999999999993221e+01 4.209265452150432247e+04
1.019999999999993179e+01 4.219699539950436883e+04
1.021999999999993136e+01 4.230134940851311694e+04
1.023999999999993094e+01 4.240571654853057407e+04
1.025999999999993051e+01 4.251009681955674023e+04
1.027999999999993008e+01 4.261449022159162269e+04
1.029999999999992966e+01 4.271889675463521417e+04
1.031999999999992923e+01 4.282331641868750739e+04
1.033999999999992880e+01 4.292774921374850965e+04
1.035999999999992838e+01 4.303219513981823548e+04
1.037999999999992795e+01 4.313665419689665578e+04
1.039999999999992752e+01 4.324112638498379238e+04
1.041999999999992710e+01 4.334561170407963073e+04
1.043999999999992667e+01 4.345011015418419265e+04
1.045999999999992625e+01 4.355462173529744905e+04
1.047999999999992582e+01 4.365914644741942175e+04
1.049999999999992539e+01 4.376368429055010347e+04
1.051999999999992497e+01 4.386823526468950149e+04
1.053999999999992454e+01 4.397279936983759399e+04
1.055999999999992411e+01 4.407737660599440278e+04
1.057999999999992369e+01 4.418196697315992060e+04
1.059999999999992326e+01 4.428657047133415472e+04
1.061999999999992284e+01 4.439118710051709058e+04
1.063999999999992241e+01 4.449581686070874275e+04
1.065999999999992198e+01 4.460045975190909667e+04
1.067999999999992156e+01 4.470511577411816688e+04
1.069999999999992113e+01 4.480978492733593885e+04
1.071999999999992070e+01 4.491446721156241983e+04
1.073999999999992028e+01 4.501916262679761712e+04
1.075999999999991985e+01 4.512387117304152343e+04
1.077999999999991942e+01 4.522859285029413877e+04
1.079999999999991900e+01 4.533332765855545586e+04
1.081999999999991857e+01 4.543807559782548924e+04
1.083999999999991815e+01 4.554283666810423165e+04
1.085999999999991772e+01 4.564761086939168308e+04
1.087999999999991729e+01 4.575239820168784354e+04
1.089999999999991687e+01 4.585719866499271302e+04
1.091999999999991644e+01 4.596201225930629153e+04
1.093999999999991601e+01 4.606683898462857906e+04
1.095999999999991559e+01 4.617167884095957561e+04
1.097999999999991516e+01 4.627653182829928846e+04
1.099999999999991473e+01 4.638139794664770307e+04
1.101999999999991431e+01 4.648627719600482669e+04
1.103999999999991388e+01 4.659116957637065934e+04
1.105999999999991346e+01 4.669607508774520829e+04
1.107999999999991303e+01 4.680099373012846627e+04
1.109999999999991260e+01 4.690592550352042599e+04
1.111999999999991218e+01 4.701087040792109474e+04
1.113999999999991175e+01 4.711582844333047979e+04
1.115999999999991132e+01 4.722079960974857386e+04
1.117999999999991090e+01 4.732578390717536968e+04
1.119999999999991047e+01 4.743078133561088180e+04
1.121999999999991005e+01 4.753579189505510294e+04
1.123999999999990962e+01 4.764081558550803311e+04
1.125999999999990919e+01 4.774585240696967230e+04
1.127999999999990877e+01 4.785090235944001324e+04
1.129999999999990834e+01 4.795596544291907776e+04
1.131999999999990791e+01 4.806104165740684402e+04
1.133999999999990749e+01 4.816613100290331931e+04
1.135999999999990706e+01 4.827123347940850363e+04
1.137999999999990663e+01 4.837634908692240424e+04
1.139999999999990621e+01 4.848147782544500660e+04
1.141999999999990578e+01 4.858661969497631799e+04
1.143999999999990536e+01 4.869177469551633840e+04
1.145999999999990493e+01 4.879694282706507511e+04
1.147999999999990450e+01 4.890212408962251357e+04
1.149999999999990408e+01 4.900731848318866105e+04
1.151999999999990365e+01 4.911252600776352483e+04
1.153999999999990322e+01 4.921774666334709764e+04
1.155999999999990280e+01 4.932298044993937947e+04
1.157999999999990237e+01 4.942822736754036305e+04
1.159999999999990195e+01 4.953348741615006293e+04
1.161999999999990152e+01 4.963876059576847183e+04
1.163999999999990109e+01 4.974404690639558976e+04
1.165999999999990067e+01 4.984934634803140943e+04
1.167999999999990024e+01 4.995465892067594541e+04
1.169999999999989981e+01 5.005998462432919769e+04
1.171999999999989939e+01 5.016532345899115171e+04
1.173999999999989896e+01 5.027067542466180748e+04
1.175999999999989853e+01 5.037604052134117956e+04
1.177999999999989811e+01 5.048141874902926793e+04
1.179999999999989768e+01 5.058681010772605805e+04
1.181999999999989726e+01 5.069221459743155719e+04
1.183999999999989683e+01 5.079763221814576536e+04
1.185999999999989640e+01 5.090306296986869711e+04
1.187999999999989598e+01 5.100850685260032333e+04
1.189999999999989555e+01 5.111396386634065857e+04
1.191999999999989512e+01 5.121943401108970284e+04
1.193999999999989470e+01 5.132491728684747068e+04
1.195999999999989427e+01 5.143041369361393299e+04
1.197999999999989384e+01 5.153592323138911161e+04
1.199999999999989342e+01 5.164144590017299197e+04
1.201999999999989299e+01 5.174698169996559591e+04
1.203999999999989257e+01 5.185253063076689432e+04
1.205999999999989214e+01 5.195809269257690903e+04
1.207999999999989171e+01 5.206366788539563277e+04
1.209999999999989129e+01 5.216925620922306553e+04
1.211999999999989086e+01 5.227485766405920731e+04
1.213999999999989043e+01 5.238047224990405812e+04
1.215999999999989001e+01 5.248609996675762523e+04
1.217999999999988958e+01 5.259174081461989408e+04
1.219999999999988916e+01 5.269739479349087196e+04
1.221999999999988873e+01 5.280306190337055887e+04
1.223999999999988830e+01 5.290874214425896207e+04
1.225999999999988788e+01 5.301443551615606702e+04
1.227999999999988745e+01 5.312014201906188100e+04
1.229999999999988702e+01 5.322586165297641128e+04
1.231999999999988660e+01 5.333159441789965058e+04
1.233999999999988617e+01 5.343734031383159163e+04
1.235999999999988574e+01 5.354309934077224898e+04
1.237999999999988532e+01 5.364887149872160808e+04
1.239999999999988489e+01 5.375465678767969075e+04
1.241999999999988447e+01 5.386045520764646790e+04
1.243999999999988404e+01 5.396626675862196134e+04
1.245999999999988361e+01 5.407209144060616381e+04
1.247999999999988319e+01 5.417792925359907531e+04
1.249999999999988276e+01 5.428378019760069583e+04
1.251999999999988233e+01 5.438964427261102537e+04
1.253999999999988191e+01 5.449552147863006394e+04
1.255999999999988148e+01 5.460141181565781881e+04
1.257999999999988106e+01 5.470731528369427542e+04
1.259999999999988063e+01 5.481323188273944106e+04
1.261999999999988020e+01 5.491916161279331573e+04
1.263999999999987978e+01 5.502510447385590669e+04
1.265999999999987935e+01 5.513106046592719940e+04
1.267999999999987892e+01 5.523702958900720114e+04
1.269999999999987850e+01 5.534301184309591190e+04
1.271999999999987807e+01 5.544900722819334624e+04
1.273999999999987764e+01 5.555501574429947505e+04
1.275999999999987722e+01 5.566103739141432015e+04
1.277999999999987679e+01 5.576707216953786701e+04
1.279999999999987637e+01 5.587312007867013745e+04
1.281999999999987594e+01 5.597918111881110235e+04
1.283999999999987551e+01 5.608525528996078356e+04
1.285999999999987509e+01 5.619134259211916651e+04
1.287999999999987466e+01 5.629744302528627304e+04
1.289999999999987423e+01 5.640355658946208132e+04
1.291999999999987381e+01 5.650968328464659862e+04
1.293999999999987338e+01 5.661582311083981767e+04
1.295999999999987295e+01 5.672197606804176030e+04
1.297999999999987253e+01 5.682814215625240467e+04
1.299999999999987210e+01 5.693432137547175807e+04
1.301999999999987168e+01 5.704051372569982050e+04
1.303999999999987125e+01 5.714671920693659922e+04
1.305999999999987082e+01 5.725293781918208697e+04
1.307999999999987040e+01 5.735916956243627646e+04
1.309999999999986997e+01 5.746541443669917498e+04
1.311999999999986954e+01 5.757167244197078981e+04
1.313999999999986912e+01 5.767794357825111365e+04
1.315999999999986869e+01 5.778422784554013924e+04
1.317999999999986827e+01 5.789052524383788113e+04
1.319999999999986784e+01 5.799683577314433205e+04
1.321999999999986741e+01 5.810315943345949199e+04
1.323999999999986699e+01 5.820949622478335368e+04
1.325999999999986656e+01 5.831584614711593167e+04
1.327999999999986613e+01 5.842220920045722596e+04
1.329999999999986571e+01 5.852858538480721472e+04
1.331999999999986528e+01 5.863497470016591978e+04
1.333999999999986485e+01 5.874137714653333387e+04
1.335999999999986443e+01 5.884779272390946426e+04
1.337999999999986400e+01 5.895422143229429639e+04
1.339999999999986358e+01 5.906066327168783755e+04
1.341999999999986315e+01 5.916711824209009501e+04
1.343999999999986272e+01 5.927358634350104694e+04
1.345999999999986230e+01 5.938006757592072245e+04
1.347999999999986187e+01 5.948656193934911425e+04
1.349999999999986144e+01 5.959306943378619326e+04
1.351999999999986102e+01 5.969959005923199584e+04
1.353999999999986059e+01 5.980612381568651472e+04
1.355999999999986017e+01 5.991267070314972079e+04
1.357999999999985974e+01 6.001923072162165045e+04
1.359999999999985931e+01 6.012580387110228185e+04
1.361999999999985889e+01 6.023239015159163682e+04
1.363999999999985846e+01 6.033898956308969355e+04
1.365999999999985803e+01 6.044560210559645202e+04
1.367999999999985761e+01 6.055222777911192679e+04
1.369999999999985718e+01 6.065886658363611787e+04
1.371999999999985675e+01 6.076551851916900341e+04
1.373999999999985633e+01 6.087218358571061253e+04
1.375999999999985590e+01 6.097886178326091613e+04
1.377999999999985548e+01 6.108555311181994330e+04
1.379999999999985505e+01 6.119225757138767949e+04
1.381999999999985462e+01 6.129897516196411016e+04
1.383999999999985420e+01 6.140570588354926440e+04
1.385999999999985377e+01 6.151244973614312767e+04
1.387999999999985334e+01 6.161920671974568540e+04
1.389999999999985292e+01 6.172597683435697400e+04
1.391999999999985249e+01 6.183276007997694978e+04
1.393999999999985207e+01 6.193955645660564915e+04
1.395999999999985164e+01 6.204636596424306481e+04
1.397999999999985121e+01 6.215318860288916767e+04
1.399999999999985079e+01 6.226002437254400138e+04
1.401999999999985036e+01 6.236687327320753684e+04
1.403999999999984993e+01 6.247373530487977405e+04
1.405999999999984951e+01 6.258061046756073483e+04
1.407999999999984908e+01 6.268749876125038281e+04
1.409999999999984865e+01 6.279440018594876165e+04
1.411999999999984823e+01 6.290131474165584950e+04
1.413999999999984780e+01 6.300824242837163183e+04
1.415999999999984738e+01 6.311518324609613774e+04
1.417999999999984695e+01 6.322213719482935267e+04
1.419999999999984652e+01 6.332910427457126207e+04
1.421999999999984610e+01 6.343608448532189504e+04
1.423999999999984567e+01 6.354307782708122249e+04
1.425999999999984524e+01 6.365008429984927352e+04
1.427999999999984482e+01 6.375710390362603357e+04
1.429999999999984439e+01 6.386413663841148809e+04
1.431999999999984396e+01 6.397118250420567347e+04
1.433999999999984354e+01 6.407824150100856059e+04
1.435999999999984311e+01 6.418531362882014218e+04
1.437999999999984269e+01 6.429239888764045463e+04
1.439999999999984226e+01 6.439949727746945427e+04
1.441999999999984183e+01 6.450660879830718477e+04
1.443999999999984141e+01 6.461373345015362429e+04
1.445999999999984098e+01 6.472087123300875101e+04
1.447999999999984055e+01 6.482802214687260857e+04
1.449999999999984013e+01 6.493518619174517517e+04
1.451999999999983970e+01 6.504236336762642895e+04
1.453999999999983928e+01 6.514955367451641359e+04
1.455999999999983885e+01 6.525675711241509271e+04
1.457999999999983842e+01 6.536397368132249539e+04
1.459999999999983800e+01 6.547120338123860711e+04
1.461999999999983757e+01 6.557844621216341329e+04
1.463999999999983714e+01 6.568570217409695033e+04
1.465999999999983672e+01 6.579297126703918912e+04
1.467999999999983629e+01 6.590025349099011510e+04
1.469999999999983586e+01 6.600754884594978648e+04
1.471999999999983544e+01 6.611485733191814506e+04
1.473999999999983501e+01 6.622217894889520539e+04
1.475999999999983459e+01 6.632951369688099658e+04
1.477999999999983416e+01 6.643686157587547495e+04
1.479999999999983373e+01 6.654422258587868419e+04
1.481999999999983331e+01 6.665159672689059516e+04
1.483999999999983288e+01 6.675898399891120789e+04
1.485999999999983245e+01 6.686638440194055147e+04
1.487999999999983203e+01 6.697379793597858225e+04
1.489999999999983160e+01 6.708122460102532932e+04
1.491999999999983118e+01 6.718866439708079270e+04
1.493999999999983075e+01 6.729611732414494327e+04
1.495999999999983032e+01 6.740358338221782469e+04
1.497999999999982990e+01 6.751106257129942242e+04
1.499999999999982947e+01 6.761855489138970734e+04
1.501999999999982904e+01 6.772606034248870856e+04
1.503999999999982862e+01 6.783357892459642608e+04
1.505999999999982819e+01 6.794111063771284535e+04
1.507999999999982776e+01 6.804865548183798091e+04
1.509999999999982734e+01 6.815621345697180368e+04
1.511999999999982691e+01 6.826378456311437185e+04
1.513999999999982649e+01 6.837136880026562721e+04
1.515999999999982606e+01 6.847896616842558433e+04
1.517999999999982563e+01 6.858657666759427229e+04
1.519999999999982521e+01 6.869420029777166201e+04
1.521999999999982478e+01 6.880183705895775347e+04
1.523999999999982435e+01 6.890948695115257578e+04
1.525999999999982393e+01 6.901714997435607074e+04
1.527999999999982350e+01 6.912482612856831111e+04
1.529999999999982307e+01 6.923251541378925322e+04
1.531999999999982265e+01 6.934021783001888252e+04
1.533999999999982222e+01 6.944793337725722813e+04
1.535999999999982180e+01 6.955566205550430459e+04
1.537999999999982137e+01 6.966340386476006825e+04
1.539999999999982094e+01 6.977115880502454820e+04
1.541999999999982052e+01 6.987892687629772990e+04
1.543999999999982009e+01 6.998670807857964246e+04
1.545999999999981966e+01 7.009450241187025676e+04
1.547999999999981924e+01 7.020230987616957282e+04
1.549999999999981881e+01 7.031013047147760517e+04
1.551999999999981839e+01 7.041796419779433927e+04
1.553999999999981796e+01 7.052581105511978967e+04
1.555999999999981753e+01 7.063367104345394182e+04
1.557999999999981711e+01 7.074154416279681027e+04
1.559999999999981668e+01 7.084943041314838047e+04
1.561999999999981625e+01 7.095732979450868152e+04
1.563999999999981583e+01 7.106524230687765521e+04
1.565999999999981540e+01 7.117316795025537431e+04
1.567999999999981497e+01 7.128110672464179515e+04
1.569999999999981455e+01 7.138905863003690320e+04
1.571999999999981412e+01 7.149702366644074209e+04
1.573999999999981370e+01 7.160500183385326818e+04
1.575999999999981327e+01 7.171299313227452512e+04
1.577999999999981284e+01 7.182099756170449837e+04
1.579999999999981242e+01 7.192901512214315881e+04
1.581999999999981199e+01 7.203704581359053554e+04
1.583999999999981156e+01 7.214508963604662858e+04
1.585999999999981114e+01 7.225314658951142337e+04
1.587999999999981071e+01 7.236121667398493446e+04
1.589999999999981029e+01 7.246929988946714730e+04
1.591999999999980986e+01 7.257739623595807643e+04
1.593999999999980943e+01 7.268550571345772187e+04
1.595999999999980901e+01 7.279362832196605450e+04
1.597999999999980858e+01 7.290176406148311798e+04
1.599999999999980815e+01 7.300991293200888322e+04
1.601999999999980773e+01 7.311807493354335020e+04
1.603999999999980730e+01 7.322625006608653348e+04
1.605999999999980687e+01 7.333443832963843306e+04
1.607999999999980645e+01 7.344263972419901984e+04
1.609999999999980602e+01 7.355085424976833747e+04
1.611999999999980560e+01 7.365908190634634229e+04
1.613999999999980517e+01 7.376732269393307797e+04
1.615999999999980474e+01 7.387557661252852995e+04
1.617999999999980432e+01 7.398384366213266912e+04
1.619999999999980389e+01 7.409212384274552460e+04
1.621999999999980346e+01 7.420041715436709637e+04
1.623999999999980304e+01 7.430872359699736990e+04
1.625999999999980261e+01 7.441704317063635972e+04
1.627999999999980218e+01 7.452537587528405129e+04
1.629999999999980176e+01 7.463372171094045916e+04
1.631999999999980133e+01 7.474208067760556878e+04
1.633999999999980091e+01 7.485045277527938015e+04
1.635999999999980048e+01 7.495883800396192237e+04
1.637999999999980005e+01 7.506723636365316634e+04
1.639999999999979963e+01 7.517564785435311205e+04
1.641999999999979920e+01 7.528407247606177407e+04
1.643999999999979877e+01 7.539251022877913783e+04
1.645999999999979835e+01 7.550096111250523245e+04
1.647999999999979792e+01 7.560942512724001426e+04
1.649999999999979750e+01 7.571790227298351238e+04
1.651999999999979707e+01 7.582639254973572679e+04
1.653999999999979664e+01 7.593489595749664295e+04
1.655999999999979622e+01 7.604341249626626086e+04
1.657999999999979579e+01 7.615194216604460962e+04
1.659999999999979536e+01 7.626048496683164558e+04
1.661999999999979494e+01 7.636904089862739784e+04
1.663999999999979451e+01 7.647760996143186640e+04
1.665999999999979408e+01 7.658619215524503670e+04
1.667999999999979366e+01 7.669478748006692331e+04
1.669999999999979323e+01 7.680339593589752621e+04
1.671999999999979281e+01 7.691201752273681632e+04
1.673999999999979238e+01 7.702065224058482272e+04
1.675999999999979195e+01 7.712930008944154542e+04
1.677999999999979153e+01 7.723796106930696988e+04
1.679999999999979110e+01 7.734663518018112518e+04
1.681999999999979067e+01 7.745532242206395313e+04
1.683999999999979025e+01 7.756402279495552648e+04
1.685999999999978982e+01 7.767273629885580158e+04
1.687999999999978940e+01 7.778146293376476387e+04
1.689999999999978897e+01 7.789020269968245702e+04
1.691999999999978854e+01 7.799895559660883737e+04
1.693999999999978812e+01 7.810772162454394856e+04
1.695999999999978769e+01 7.821650078348777606e+04
1.697999999999978726e+01 7.832529307344029075e+04
1.699999999999978684e+01 7.843409849440152175e+04
1.701999999999978641e+01 7.854291704637146904e+04
1.703999999999978598e+01 7.865174872935011808e+04
1.705999999999978556e+01 7.876059354333748342e+04
1.707999999999978513e+01 7.886945148833353596e+04
1.709999999999978471e+01 7.897832256433831935e+04
1.711999999999978428e+01 7.908720677135181904e+04
1.713999999999978385e+01 7.919610410937400593e+04
1.715999999999978343e+01 7.930501457840492367e+04
1.717999999999978300e+01 7.941393817844454315e+04
1.719999999999978257e+01 7.952287490949286439e+04
1.721999999999978215e+01 7.963182477154990193e+04
1.723999999999978172e+01 7.974078776461565576e+04
1.725999999999978129e+01 7.984976388869009679e+04
1.727999999999978087e+01 7.995875314377326868e+04
1.729999999999978044e+01 8.006775552986514231e+04
1.731999999999978002e+01 8.017677104696573224e+04
1.733999999999977959e+01 8.028579969507502392e+04
1.735999999999977916e+01 8.039484147419301735e+04
1.737999999999977874e+01 8.050389638431972708e+04
1.739999999999977831e+01 8.061296442545515310e+04
1.741999999999977788e+01 8.072204559759928088e+04
1.743999999999977746e+01 8.083113990075212496e+04
1.745999999999977703e+01 8.094024733491367078e+04
1.747999999999977661e+01 8.104936790008393291e+04
1.749999999999977618e+01 8.115850159626289678e+04
1.751999999999977575e+01 8.126764842345057696e+04
1.753999999999977533e+01 8.137680838164695888e+04
1.755999999999977490e+01 8.148598147085205710e+04
1.757999999999977447e+01 8.159516769106585707e+04
1.759999999999977405e+01 8.170436704228837334e+04
1.761999999999977362e+01 8.181357952451959136e+04
1.763999999999977319e+01 8.192280513775954023e+04
1.765999999999977277e+01 8.203204388200817630e+04
1.767999999999977234e+01 8.214129575726552866e+04
1.769999999999977192e+01 8.225056076353159733e+04
1.771999999999977149e+01 8.235983890080636775e+04
1.773999999999977106e+01 8.246913016908983991e+04
1.775999999999977064e+01 8.257843456838202837e+04
1.777999999999977021e+01 8.268775209868291859e+04
1.779999999999976978e+01 8.279708275999253965e+04
1.781999999999976936e+01 8.290642655231086246e+04
1.783999999999976893e+01 8.301578347563787247e+04
1.785999999999976851e+01 8.312515352997362788e+04
1.787999999999976808e+01 8.323453671531807049e+04
1.789999999999976765e+01 8.334393303167121485e+04
1.791999999999976723e+01 8.345334247903309006e+04
1.793999999999976680e+01 8.356276505740365246e+04
1.795999999999976637e+01 8.367220076678294572e+04
1.797999999999976595e+01 8.378164960717094073e+04
1.799999999999976552e+01 8.389111157856763748e+04
1.801999999999976509e+01 8.400058668097305053e+04
1.803999999999976467e+01 8.411007491438717989e+04
1.805999999999976424e+01 8.421957627880999644e+04
1.807999999999976382e+01 8.432909077424154384e+04
1.809999999999976339e+01 8.443861840068179299e+04
1.811999999999976296e+01 8.454815915813075844e+04
1.813999999999976254e+01 8.465771304658842564e+04
1.815999999999976211e+01 8.476728006605479459e+04
1.817999999999976168e+01 8.487686021652987984e+04
1.819999999999976126e+01 8.498645349801368138e+04
1.821999999999976083e+01 8.509605991050618468e+04
1.823999999999976040e+01 8.520567945400740427e+04
1.825999999999975998e+01 8.531531212851731107e+04
1.827999999999975955e+01 8.542495793403596326e+04
1.829999999999975913e+01 8.553461687056330265e+04
1.831999999999975870e+01 8.564428893809934380e+04
1.833999999999975827e+01 8.575397413664411579e+04
1.835999999999975785e+01 8.586367246619758953e+04
1.837999999999975742e+01 8.597338392675976502e+04
1.839999999999975699e+01 8.608310851833065681e+04
1.841999999999975657e+01 8.619284624091025034e+04
1.843999999999975614e+01 8.630259709449856018e+04
1.845999999999975572e+01 8.641236107909558632e+04
1.847999999999975529e+01 8.652213819470131421e+04
1.849999999999975486e+01 8.663192844131574384e+04
1.851999999999975444e+01 8.674173181893890433e+04
1.853999999999975401e+01 8.685154832757075201e+04
1.855999999999975358e+01 8.696137796721131599e+04
1.857999999999975316e+01 8.707122073786059627e+04
1.859999999999975273e+01 8.718107663951857830e+04
1.861999999999975230e+01 8.729094567218527663e+04
1.863999999999975188e+01 8.740082783586066216e+04
1.865999999999975145e+01 8.751072313054479309e+04
1.867999999999975103e+01 8.762063155623761122e+04
1.869999999999975060e+01 8.773055311293913110e+04
1.871999999999975017e+01 8.784048780064938182e+04
1.873999999999974975e+01 8.795043561936833430e+04
1.875999999999974932e+01 8.806039656909598853e+04
1.877999999999974889e+01 8.817037064983235905e+04
1.879999999999974847e+01 8.828035786157743132e+04
1.881999999999974804e+01 8.839035820433121989e+04
1.883999999999974762e+01 8.850037167809372477e+04
1.885999999999974719e+01 8.861039828286491684e+04
1.887999999999974676e+01 8.872043801864483976e+04
1.889999999999974634e+01 8.883049088543346443e+04
1.891999999999974591e+01 8.894055688323079085e+04
1.893999999999974548e+01 8.905063601203684811e+04
1.895999999999974506e+01 8.916072827185159258e+04
1.897999999999974463e+01 8.927083366267505335e+04
1.899999999999974420e+01 8.938095218450723041e+04
1.901999999999974378e+01 8.949108383734810923e+04
1.903999999999974335e+01 8.960122862119770434e+04
1.905999999999974293e+01 8.971138653605600120e+04
1.907999999999974250e+01 8.982155758192299982e+04
1.909999999999974207e+01 8.993174175879872928e+04
1.911999999999974165e+01 9.004193906668314594e+04
1.913999999999974122e+01 9.015214950557629345e+04
1.915999999999974079e+01 9.026237307547814271e+04
1.917999999999974037e+01 9.037260977638869372e+04
1.919999999999973994e+01 9.048285960830796103e+04
1.921999999999973952e+01 9.059312257123594463e+04
1.923999999999973909e+01 9.070339866517261544e+04
1.925999999999973866e+01 9.081368789011801709e+04
1.927999999999973824e+01 9.092399024607212050e+04
1.929999999999973781e+01 9.103430573303492565e+04
1.931999999999973738e+01 9.114463435100646166e+04
1.933999999999973696e+01 9.125497609998668486e+04
1.935999999999973653e+01 9.136533097997562436e+04
1.937999999999973610e+01 9.147569899097328016e+04
1.939999999999973568e+01 9.158608013297963771e+04
1.941999999999973525e+01 9.169647440599471156e+04
1.943999999999973483e+01 9.180688181001847261e+04
1.945999999999973440e+01 9.191730234505096450e+04
1.947999999999973397e+01 9.202773601109217270e+04
1.949999999999973355e+01 9.213818280814206810e+04
1.951999999999973312e+01 9.224864273620069434e+04
1.953999999999973269e+01 9.235911579526802234e+04
1.955999999999973227e+01 9.246960198534405208e+04
1.957999999999973184e+01 9.258010130642879813e+04
1.959999999999973141e+01 9.269061375852224592e+04
1.961999999999973099e+01 9.280113934162441001e+04
1.963999999999973056e+01 9.291167805573529040e+04
1.965999999999973014e+01 9.302222990085485799e+04
1.967999999999972971e+01 9.313279487698315643e+04
1.969999999999972928e+01 9.324337298412015662e+04
1.971999999999972886e+01 9.335396422226585855e+04
1.973999999999972843e+01 9.346456859142029134e+04
1.975999999999972800e+01 9.357518609158341133e+04
1.977999999999972758e+01 9.368581672275524761e+04
1.979999999999972715e+01 9.379646048493580020e+04
1.981999999999972673e+01 9.390711737812505453e+04
1.983999999999972630e+01 9.401778740232302516e+04
1.985999999999972587e+01 9.412847055752969754e+04
1.987999999999972545e+01 9.423916684374507167e+04
1.989999999999972502e+01 9.434987626096917666e+04
1.991999999999972459e+01 9.446059880920198339e+04
1.993999999999972417e+01 9.457133448844349186e+04
1.995999999999972374e+01 9.468208329869371664e+04
1.997999999999972331e+01 9.479284523995264317e+04
1.999999999999972289e+01 9.490362031222028600e+04
2.001999999999972246e+01 9.501440851549664512e+04
2.003999999999972204e+01 9.512520984978169145e+04
2.005999999999972161e+01 9.523602431507546862e+04
2.007999999999972118e+01 9.534685191137794754e+04
2.009999999999972076e+01 9.545769263868912822e+04
2.011999999999972033e+01 9.556854649700903974e+04
2.013999999999971990e+01 9.567941348633763846e+04
2.015999999999971948e+01 9.579029360667495348e+04
2.017999999999971905e+01 9.590118685802098480e+04
2.019999999999971863e+01 9.601209324037571787e+04
2.021999999999971820e+01 9.612301275373916724e+04
2.023999999999971777e+01 9.623394539811131835e+04
2.025999999999971735e+01 9.634489117349217122e+04
2.027999999999971692e+01 9.645585007988175494e+04
2.029999999999971649e+01 9.656682211728002585e+04
2.031999999999971607e+01 9.667780728568702762e+04
2.033999999999971564e+01 9.678880558510273113e+04
2.035999999999971521e+01 9.689981701552713639e+04
2.037999999999971479e+01 9.701084157696025795e+04
2.039999999999971436e+01 9.712187926940209582e+04
2.041999999999971394e+01 9.723293009285262087e+04
2.043999999999971351e+01 9.734399404731187678e+04
2.045999999999971308e+01 9.745507113277981989e+04
2.047999999999971266e+01 9.756616134925649385e+04
2.049999999999971223e+01 9.767726469674186956e+04
2.051999999999971180e+01 9.778838117523594701e+04
2.053999999999971138e+01 9.789951078473875532e+04
2.055999999999971095e+01 9.801065352525026537e+04
2.057999999999971052e+01 9.812180939677046263e+04
2.059999999999971010e+01 9.823297839929939073e+04
2.061999999999970967e+01 9.834416053283702058e+04
2.063999999999970925e+01 9.845535579738336673e+04
2.065999999999970882e+01 9.856656419293841464e+04
2.067999999999970839e+01 9.867778571950216428e+04
2.069999999999970797e+01 9.878902037707464478e+04
2.071999999999970754e+01 9.890026816565582703e+04
2.073999999999970711e+01 9.901152908524571103e+04
2.075999999999970669e+01 9.912280313584431133e+04
2.077999999999970626e+01 9.923409031745161337e+04
2.079999999999970584e+01 9.934539063006763172e+04
2.081999999999970541e+01 9.945670407369236636e+04
2.083999999999970498e+01 9.956803064832578821e+04
2.085999999999970456e+01 9.967937035396794090e+04
2.087999999999970413e+01 9.979072319061879534e+04
2.089999999999970370e+01 9.990208915827835153e+04
2.091999999999970328e+01 1.000134682569466386e+05
2.093999999999970285e+01 1.001248604866236128e+05
2.095999999999970242e+01 1.002362658473093034e+05
2.097999999999970200e+01 1.003476843390037102e+05
2.099999999999970157e+01 1.004591159617068188e+05
2.101999999999970115e+01 1.005705607154186437e+05
2.103999999999970072e+01 1.006820186001391703e+05
2.105999999999970029e+01 1.007934896158683987e+05
2.107999999999969987e+01 1.009049737626063579e+05
2.109999999999969944e+01 1.010164710403530189e+05
2.111999999999969901e+01 1.011279814491083816e+05
2.113999999999969859e+01 1.012395049888724607e+05
2.115999999999969816e+01 1.013510416596452415e+05
2.117999999999969774e+01 1.014625914614267385e+05
2.119999999999969731e+01 1.015741543942169519e+05
2.121999999999969688e+01 1.016857304580158525e+05
2.123999999999969646e+01 1.017973196528234839e+05
2.125999999999969603e+01 1.019089219786398171e+05
2.127999999999969560e+01 1.020205374354648520e+05
2.129999999999969518e+01 1.021321660232986032e+05
2.131999999999969475e+01 1.022438077421410562e+05
2.133999999999969432e+01 1.023554625919922400e+05
2.135999999999969390e+01 1.024671305728521256e+05
2.137999999999969347e+01 1.025788116847206984e+05
2.139999999999969305e+01 1.026905059275980020e+05
2.141999999999969262e+01 1.028022133014840219e+05
2.143999999999969219e+01 1.029139338063787291e+05
2.145999999999969177e+01 1.030256674422821525e+05
2.147999999999969134e+01 1.031374142091942776e+05
2.149999999999969091e+01 1.032491741071151337e+05
2.151999999999969049e+01 1.033609471360446914e+05
2.153999999999969006e+01 1.034727332959829509e+05
2.155999999999968963e+01 1.035845325869299268e+05
2.157999999999968921e+01 1.036963450088856189e+05
2.159999999999968878e+01 1.038081705618499982e+05
2.161999999999968836e+01 1.039200092458231084e+05
2.163999999999968793e+01 1.040318610608049057e+05
2.165999999999968750e+01 1.041437260067954339e+05
2.167999999999968708e+01 1.042556040837946639e+05
2.169999999999968665e+01 1.043674952918025956e+05
2.171999999999968622e+01 1.044793996308192582e+05
2.173999999999968580e+01 1.045913171008446225e+05
2.175999999999968537e+01 1.047032477018786740e+05
2.177999999999968495e+01 1.048151914339214563e+05
2.179999999999968452e+01 1.049271482969729404e+05
2.181999999999968409e+01 1.050391182910331408e+05
2.183999999999968367e+01 1.051511014161020430e+05
2.185999999999968324e+01 1.052630976721796469e+05
2.187999999999968281e+01 1.053751070592659817e+05
2.189999999999968239e+01 1.054871295773610182e+05
2.191999999999968196e+01 1.055991652264647564e+05
2.193999999999968153e+01 1.057112140065772110e+05
2.195999999999968111e+01 1.058232759176983673e+05
2.197999999999968068e+01 1.059353509598282399e+05
2.199999999999968026e+01 1.060474391329668288e+05
2.201999999999967983e+01 1.061595404371141049e+05
2.203999999999967940e+01 1.062716548722701118e+05
2.205999999999967898e+01 1.063837824384348205e+05
2.207999999999967855e+01 1.064959231356082310e+05
2.209999999999967812e+01 1.066080769637903577e+05
2.211999999999967770e+01 1.067202439229811862e+05
2.213999999999967727e+01 1.068324240131807455e+05
2.215999999999967685e+01 1.069446172343890066e+05
2.217999999999967642e+01 1.070568235866059549e+05
2.219999999999967599e+01 1.071690430698316341e+05
2.221999999999967557e+01 1.072812756840660295e+05
2.223999999999967514e+01 1.073935214293091121e+05
2.225999999999967471e+01 1.075057803055609111e+05
2.227999999999967429e+01 1.076180523128214118e+05
2.229999999999967386e+01 1.077303374510906433e+05
2.231999999999967343e+01 1.078426357203685766e+05
2.233999999999967301e+01 1.079549471206552116e+05
2.235999999999967258e+01 1.080672716519505630e+05
2.237999999999967216e+01 1.081796093142546306e+05
2.239999999999967173e+01 1.082919601075673854e+05
2.241999999999967130e+01 1.084043240318888711e+05
2.243999999999967088e+01 1.085167010872190585e+05
2.245999999999967045e+01 1.086290912735579477e+05
2.247999999999967002e+01 1.087414945909055532e+05
2.249999999999966960e+01 1.088539110392618604e+05
2.251999999999966917e+01 1.089663406186268985e+05
2.253999999999966874e+01 1.090787833290006383e+05
2.255999999999966832e+01 1.091912391703830654e+05
2.257999999999966789e+01 1.093037081427742232e+05
2.259999999999966747e+01 1.094161902461740974e+05
2.261999999999966704e+01 1.095286854805826588e+05
2.263999999999966661e+01 1.096411938459999365e+05
2.265999999999966619e+01 1.097537153424259159e+05
2.267999999999966576e+01 1.098662499698606262e+05
2.269999999999966533e+01 1.099787977283040382e+05
2.271999999999966491e+01 1.100913586177561519e+05
2.273999999999966448e+01 1.102039326382169820e+05
2.275999999999966406e+01 1.103165197896865138e+05
2.277999999999966363e+01 1.104291200721647620e+05
2.279999999999966320e+01 1.105417334856517264e+05
2.281999999999966278e+01 1.106543600301473780e+05
2.283999999999966235e+01 1.107669997056517605e+05
2.285999999999966192e+01 1.108796525121648447e+05
2.287999999999966150e+01 1.109923184496866306e+05
2.289999999999966107e+01 1.111049975182171329e+05
2.291999999999966064e+01 1.112176897177563515e+05
2.293999999999966022e+01 1.113303950483042718e+05
2.295999999999965979e+01 1.114431135098609084e+05
2.297999999999965937e+01 1.115558451024262322e+05
2.299999999999965894e+01 1.116685898260002868e+05
2.301999999999965851e+01 1.117813476805830578e+05
2.303999999999965809e+01 1.118941186661745160e+05
2.305999999999965766e+01 1.120069027827746904e+05
2.307999999999965723e+01 1.121197000303835812e+05
2.309999999999965681e+01 1.122325104090011737e+05
2.311999999999965638e+01 1.123453339186274825e+05
2.313999999999965596e+01 1.124581705592624930e+05
2.315999999999965553e+01 1.125710203309062199e+05
2.317999999999965510e+01 1.126838832335586631e+05
2.319999999999965468e+01 1.127967592672197934e+05
2.321999999999965425e+01 1.129096484318896546e+05
2.323999999999965382e+01 1.130225507275682176e+05
2.325999999999965340e+01 1.131354661542554823e+05
2.327999999999965297e+01 1.132483947119514633e+05
2.329999999999965254e+01 1.133613364006561460e+05
2.331999999999965212e+01 1.134742912203695596e+05
2.333999999999965169e+01 1.135872591710916749e+05
2.335999999999965127e+01 1.137002402528224775e+05
2.337999999999965084e+01 1.138132344655620109e+05
2.339999999999965041e+01 1.139262418093102606e+05
2.341999999999964999e+01 1.140392622840671975e+05
2.343999999999964956e+01 1.141522958898328507e+05
2.345999999999964913e+01 1.142653426266072056e+05
2.347999999999964871e+01 1.143784024943902914e+05
2.349999999999964828e+01 1.144914754931820789e+05
2.351999999999964786e+01 1.146045616229825682e+05
2.353999999999964743e+01 1.147176608837917738e+05
2.355999999999964700e+01 1.148307732756096957e+05
2.357999999999964658e+01 1.149438987984363048e+05
2.359999999999964615e+01 1.150570374522716447e+05
2.361999999999964572e+01 1.151701892371156864e+05
2.363999999999964530e+01 1.152833541529684298e+05
2.365999999999964487e+01 1.153965321998298896e+05
2.367999999999964444e+01 1.155097233777000511e+05
2.369999999999964402e+01 1.156229276865789288e+05
2.371999999999964359e+01 1.157361451264665229e+05
2.373999999999964317e+01 1.158493756973628188e+05
2.375999999999964274e+01 1.159626193992678309e+05
2.377999999999964231e+01 1.160758762321815448e+05
2.379999999999964189e+01 1.161891461961039604e+05
2.381999999999964146e+01 1.163024292910351069e+05
2.383999999999964103e+01 1.164157255169749405e+05
2.385999999999964061e+01 1.165290348739234905e+05
2.387999999999964018e+01 1.166423573618807714e+05
2.389999999999963975e+01 1.167556929808467248e+05
2.391999999999963933e+01 1.168690417308214091e+05
2.393999999999963890e+01 1.169824036118048098e+05
2.395999999999963848e+01 1.170957786237968976e+05
2.397999999999963805e+01 1.172091667667977163e+05
2.399999999999963762e+01 1.173225680408072221e+05
2.401999999999963720e+01 1.174359824458254589e+05
2.403999999999963677e+01 1.175494099818523973e+05
2.405999999999963634e+01 1.176628506488880375e+05
2.407999999999963592e+01 1.177763044469323941e+05
2.409999999999963549e+01 1.178897713759854669e+05
2.411999999999963507e+01 1.180032514360472414e+05
2.413999999999963464e+01 1.181167446271177323e+05
2.415999999999963421e+01 1.182302509491969104e+05
2.417999999999963379e+01 1.183437704022848193e+05
2.419999999999963336e+01 1.184573029863814445e+05
2.421999999999963293e+01 1.185708487014867569e+05
2.423999999999963251e+01 1.186844075476007856e+05
2.425999999999963208e+01 1.187979795247235306e+05
2.427999999999963165e+01 1.189115646328549774e+05
2.429999999999963123e+01 1.190251628719951404e+05
2.431999999999963080e+01 1.191387742421440053e+05
2.433999999999963038e+01 1.192523987433015864e+05
2.435999999999962995e+01 1.193660363754678838e+05
2.437999999999962952e+01 1.194796871386428684e+05
2.439999999999962910e+01 1.195933510328265838e+05
2.441999999999962867e+01 1.197070280580190010e+05
2.443999999999962824e+01 1.198207182142201200e+05
2.445999999999962782e+01 1.199344215014299552e+05
2.447999999999962739e+01 1.200481379196484922e+05
2.449999999999962697e+01 1.201618674688757455e+05
2.451999999999962654e+01 1.202756101491117151e+05
2.453999999999962611e+01 1.203893659603563865e+05
2.455999999999962569e+01 1.205031349026097741e+05
2.457999999999962526e+01 1.206169169758718635e+05
2.459999999999962483e+01 1.207307121801426547e+05
2.461999999999962441e+01 1.208445205154221767e+05
2.463999999999962398e+01 1.209583419817103859e+05
2.465999999999962355e+01 1.210721765790073259e+05
2.467999999999962313e+01 1.211860243073129677e+05
2.469999999999962270e+01 1.212998851666272967e+05
2.471999999999962228e+01 1.214137591569503566e+05
2.473999999999962185e+01 1.215276462782821327e+05
2.475999999999962142e+01 1.216415465306225960e+05
2.477999999999962100e+01 1.217554599139717902e+05
2.479999999999962057e+01 1.218693864283296716e+05
2.481999999999962014e+01 1.219833260736962839e+05
2.483999999999961972e+01 1.220972788500715978e+05
2.485999999999961929e+01 1.222112447574556136e+05
2.487999999999961886e+01 1.223252237958483602e+05
2.489999999999961844e+01 1.224392159652498085e+05
2.491999999999961801e+01 1.225532212656599440e+05
2.493999999999961759e+01 1.226672396970788104e+05
2.495999999999961716e+01 1.227812712595063786e+05
2.497999999999961673e+01 1.228953159529426484e+05
2.499999999999961631e+01 1.230093737773876492e+05
2.501999999999961588e+01 1.231234447328413371e+05
2.503999999999961545e+01 1.232375288193037413e+05
2.505999999999961503e+01 1.233516260367748619e+05
2.507999999999961460e+01 1.234657363852546841e+05
2.509999999999961418e+01 1.235798598647432227e+05
2.511999999999961375e+01 1.236939964752404776e+05
2.513999999999961332e+01 1.238081462167464197e+05
2.515999999999961290e+01 1.239223090892610926e+05
2.517999999999961247e+01 1.240364850927844527e+05
2.519999999999961204e+01 1.241506742273165437e+05
2.521999999999961162e+01 1.242648764928573364e+05
2.523999999999961119e+01 1.243790918894068309e+05
2.525999999999961076e+01 1.244933204169650417e+05
2.527999999999961034e+01 1.246075620755319687e+05
2.529999999999960991e+01 1.247218168651075976e+05
2.531999999999960949e+01 1.248360847856919281e+05
2.533999999999960906e+01 1.249503658372849750e+05
2.535999999999960863e+01 1.250646600198867382e+05
2.537999999999960821e+01 1.251789673334972031e+05
2.539999999999960778e+01 1.252932877781163697e+05
2.541999999999960735e+01 1.254076213537442673e+05
2.543999999999960693e+01 1.255219680603808665e+05
2.545999999999960650e+01 1.256363278980261530e+05
2.547999999999960608e+01 1.257507008666801848e+05
2.549999999999960565e+01 1.258650869663428894e+05
2.551999999999960522e+01 1.259794861970143393e+05
2.553999999999960480e+01 1.260938985586944764e+05
2.555999999999960437e+01 1.262083240513833152e+05
2.557999999999960394e+01 1.263227626750808849e+05
2.559999999999960352e+01 1.264372144297871564e+05
2.561999999999960309e+01 1.265516793155021296e+05
2.563999999999960266e+01 1.266661573322258191e+05
2.565999999999960224e+01 1.267806484799582104e+05
2.567999999999960181e+01 1.268951527586993325e+05
2.569999999999960139e+01 1.270096701684491563e+05
2.571999999999960096e+01 1.271242007092076674e+05
2.573999999999960053e+01 1.272387443809749093e+05
2.575999999999960011e+01 1.273533011837508529e+05
2.577999999999959968e+01 1.274678711175354983e+05
2.579999999999959925e+01 1.275824541823288746e+05
2.581999999999959883e+01 1.276970503781309380e+05
2.583999999999959840e+01 1.278116597049417323e+05
2.585999999999959797e+01 1.279262821627612284e+05
2.587999999999959755e+01 1.280409177515894116e+05
2.589999999999959712e+01 1.281555664714263257e+05
2.591999999999959670e+01 1.282702283222719561e+05
2.593999999999959627e+01 1.283849033041262737e+05
2.595999999999959584e+01 1.284995914169893222e+05
2.597999999999959542e+01 1.286142926608610578e+05
2.599999999999959499e+01 1.287290070357415243e+05
2.601999999999959456e+01 1.288437345416306925e+05
2.603999999999959414e+01 1.289584751785285625e+05
2.605999999999959371e+01 1.290732289464351488e+05
2.607999999999959329e+01 1.291879958453504514e+05
2.609999999999959286e+01 1.293027758752744558e+05
2.611999999999959243e+01 1.294175690362071618e+05
2.613999999999959201e+01 1.295323753281485842e+05
2.615999999999959158e+01 1.296471947510987229e+05
2.617999999999959115e+01 1.297620273050575634e+05
2.619999999999959073e+01 1.298768729900251201e+05
2.621999999999959030e+01 1.299917318060013786e+05
2.623999999999958987e+01 1.301066037529863534e+05
2.625999999999958945e+01 1.302214888309800299e+05
2.627999999999958902e+01 1.303363870399824227e+05
2.629999999999958860e+01 1.304512983799935173e+05
2.631999999999958817e+01 1.305662228510133282e+05
2.633999999999958774e+01 1.306811604530418408e+05
2.635999999999958732e+01 1.307961111860790697e+05
2.637999999999958689e+01 1.309110750501250004e+05
2.639999999999958646e+01 1.310260520451796619e+05
2.641999999999958604e+01 1.311410421712429961e+05
2.643999999999958561e+01 1.312560454283150611e+05
2.645999999999958519e+01 1.313710618163958425e+05
2.647999999999958476e+01 1.314860913354853110e+05
2.649999999999958433e+01 1.316011339855835249e+05
2.651999999999958391e+01 1.317161897666904260e+05
2.653999999999958348e+01 1.318312586788060435e+05
2.655999999999958305e+01 1.319463407219303481e+05
2.657999999999958263e+01 1.320614358960633690e+05
2.659999999999958220e+01 1.321765442012051353e+05
2.661999999999958177e+01 1.322916656373555888e+05
2.663999999999958135e+01 1.324068002045147296e+05
2.665999999999958092e+01 1.325219479026825866e+05
2.667999999999958050e+01 1.326371087318591599e+05
2.669999999999958007e+01 1.327522826920444495e+05
2.671999999999957964e+01 1.328674697832384554e+05
2.673999999999957922e+01 1.329826700054411485e+05
2.675999999999957879e+01 1.330978833586525870e+05
2.677999999999957836e+01 1.332131098428727128e+05
2.679999999999957794e+01 1.333283494581015257e+05
2.681999999999957751e+01 1.334436022043390840e+05
2.683999999999957708e+01 1.335588680815853295e+05
2.685999999999957666e+01 1.336741470898402913e+05
2.687999999999957623e+01 1.337894392291039403e+05
2.689999999999957581e+01 1.339047444993763347e+05
2.691999999999957538e+01 1.340200629006574163e+05
2.693999999999957495e+01 1.341353944329472433e+05
2.695999999999957453e+01 1.342507390962457575e+05
2.697999999999957410e+01 1.343660968905529298e+05
2.699999999999957367e+01 1.344814678158688766e+05
2.701999999999957325e+01 1.345968518721935106e+05
2.703999999999957282e+01 1.347122490595268609e+05
2.705999999999957240e+01 1.348276593778689275e+05
2.707999999999957197e+01 1.349430828272196813e+05
2.709999999999957154e+01 1.350585194075791514e+05
2.711999999999957112e+01 1.351739691189473378e+05
2.713999999999957069e+01 1.352894319613242405e+05
2.715999999999957026e+01 1.354049079347098304e+05
2.717999999999956984e+01 1.355203970391041657e+05
2.719999999999956941e+01 1.356358992745071591e+05
2.721999999999956898e+01 1.357514146409188979e+05
2.723999999999956856e+01 1.358669431383393239e+05
2.725999999999956813e+01 1.359824847667684953e+05
2.727999999999956771e+01 1.360980395262063539e+05
2.729999999999956728e+01 1.362136074166528997e+05
2.731999999999956685e+01 1.363291884381081909e+05
2.733999999999956643e+01 1.364447825905721693e+05
2.735999999999956600e+01 1.365603898740448640e+05
2.737999999999956557e+01 1.366760102885262750e+05
2.739999999999956515e+01 1.367916438340163731e+05
2.741999999999956472e+01 1.369072905105152167e+05
2.743999999999956430e+01 1.370229503180227475e+05
2.745999999999956387e+01 1.371386232565389946e+05
2.747999999999956344e+01 1.372543093260639580e+05
2.749999999999956302e+01 1.373700085265976086e+05
2.751999999999956259e+01 1.374857208581399755e+05
2.753999999999956216e+01 1.376014463206910586e+05
2.755999999999956174e+01 1.377171849142508581e+05
2.757999999999956131e+01 1.378329366388193448e+05
2.759999999999956088e+01 1.379487014943965769e+05
2.761999999999956046e+01 1.380644794809824671e+05
2.763999999999956003e+01 1.381802705985771026e+05
2.765999999999955961e+01 1.382960748471804254e+05
2.767999999999955918e+01 1.384118922267924936e+05
2.769999999999955875e+01 1.385277227374132490e+05
2.771999999999955833e+01 1.386435663790427207e+05
2.773999999999955790e+01 1.387594231516808795e+05
2.775999999999955747e+01 1.388752930553277547e+05
2.777999999999955705e+01 1.389911760899833462e+05
2.779999999999955662e+01 1.391070722556476539e+05
2.781999999999955620e+01 1.392229815523206780e+05
2.783999999999955577e+01 1.393389039800023893e+05
2.785999999999955534e+01 1.394548395386928169e+05
2.787999999999955492e+01 1.395707882283919607e+05
2.789999999999955449e+01 1.396867500490998209e+05
2.791999999999955406e+01 1.398027250008163974e+05
2.793999999999955364e+01 1.399187130835416319e+05
2.795999999999955321e+01 1.400347142972756119e+05
2.797999999999955278e+01 1.401507286420183082e+05
2.799999999999955236e+01 1.402667561177696916e+05
2.801999999999955193e+01 1.403827967245298205e+05
2.803999999999955151e+01 1.404988504622986366e+05
2.805999999999955108e+01 1.406149173310761398e+05
2.807999999999955065e+01 1.407309973308623885e+05
2.809999999999955023e+01 1.408470904616573243e+05
2.811999999999954980e+01 1.409631967234609765e+05
2.813999999999954937e+01 1.410793161162733450e+05
2.815999999999954895e+01 1.411954486400944006e+05
2.817999999999954852e+01 1.413115942949241726e+05
2.819999999999954809e+01 1.414277530807626899e+05
2.821999999999954767e+01 1.415439249976098945e+05
2.823999999999954724e+01 1.416601100454658153e+05
2.825999999999954682e+01 1.417763082243303943e+05
2.827999999999954639e+01 1.418925195342037186e+05
2.829999999999954596e+01 1.420087439750857593e+05
2.831999999999954554e+01 1.421249815469765163e+05
2.833999999999954511e+01 1.422412322498759895e+05
2.835999999999954468e+01 1.423574960837841500e+05
2.837999999999954426e+01 1.424737730487009976e+05
2.839999999999954383e+01 1.425900631446265907e+05
2.841999999999954341e+01 1.427063663715609000e+05
2.843999999999954298e+01 1.428226827295038966e+05
2.845999999999954255e+01 1.429390122184556094e+05
2.847999999999954213e+01 1.430553548384160094e+05
2.849999999999954170e+01 1.431717105893851549e+05
2.851999999999954127e+01 1.432880794713630166e+05
2.853999999999954085e+01 1.434044614843495656e+05
2.855999999999954042e+01 1.435208566283448308e+05
2.857999999999953999e+01 1.436372649033487542e+05
2.859999999999953957e+01 1.437536863093614520e+05
2.861999999999953914e+01 1.438701208463828370e+05
2.863999999999953872e+01 1.439865685144129384e+05
2.865999999999953829e+01 1.441030293134517560e+05
2.867999999999953786e+01 1.442195032434992900e+05
2.869999999999953744e+01 1.443359903045554820e+05
2.871999999999953701e+01 1.444524904966204194e+05
2.873999999999953658e+01 1.445690038196940732e+05
2.875999999999953616e+01 1.446855302737764432e+05
2.877999999999953573e+01 1.448020698588675004e+05
2.879999999999953531e+01 1.449186225749672740e+05
2.881999999999953488e+01 1.450351884220757347e+05
2.883999999999953445e+01 1.451517674001929408e+05
2.885999999999953403e+01 1.452683595093188633e+05
2.887999999999953360e+01 1.453849647494534729e+05
2.889999999999953317e+01 1.455015831205967988e+05
2.891999999999953275e+01 1.456182146227487829e+05
2.893999999999953232e+01 1.457348592559095414e+05
2.895999999999953189e+01 1.458515170200789871e+05
2.897999999999953147e+01 1.459681879152571491e+05
2.899999999999953104e+01 1.460848719414440275e+05
2.901999999999953062e+01 1.462015690986395639e+05
2.903999999999953019e+01 1.463182793868438748e+05
2.905999999999952976e+01 1.464350028060568729e+05
2.907999999999952934e+01 1.465517393562785583e+05
2.909999999999952891e+01 1.466684890375089890e+05
2.911999999999952848e+01 1.467852518497480778e+05
2.913999999999952806e+01 1.469020277929959120e+05
2.915999999999952763e+01 1.470188168672524625e+05
2.917999999999952720e+01 1.471356190725177294e+05
2.919999999999952678e+01 1.472524344087916834e+05
2.921999999999952635e+01 1.473692628760743537e+05
2.923999999999952593e+01 1.474861044743657112e+05
2.925999999999952550e+01 1.476029592036658141e+05
2.927999999999952507e+01 1.477198270639746333e+05
2.929999999999952465e+01 1.478367080552921398e+05
2.931999999999952422e+01 1.479536021776183625e+05
2.933999999999952379e+01 1.480705094309532433e+05
2.935999999999952337e+01 1.481874298152968986e+05
2.937999999999952294e+01 1.483043633306492411e+05
2.939999999999952252e+01 1.484213099770102999e+05
2.941999999999952209e+01 1.485382697543800750e+05
2.943999999999952166e+01 1.486552426627585082e+05
2.945999999999952124e+01 1.487722287021457159e+05
2.947999999999952081e+01 1.488892278725416109e+05
2.949999999999952038e+01 1.490062401739462221e+05
2.951999999999951996e+01 1.491232656063595205e+05
2.953999999999951953e+01 1.492403041697815643e+05
2.955999999999951910e+01 1.493573558642122662e+05
2.957999999999951868e+01 1.494744206896516844e+05
2.959999999999951825e+01 1.495914986460998480e+05
2.961999999999951783e+01 1.497085897335567279e+05
2.963999999999951740e+01 1.498256939520222950e+05
2.965999999999951697e+01 1.499428113014965493e+05
2.967999999999951655e+01 1.500599417819795199e+05
2.969999999999951612e+01 1.501770853934712359e+05
2.971999999999951569e+01 1.502942421359716391e+05
2.973999999999951527e+01 1.504114120094807586e+05
2.975999999999951484e+01 1.505285950139985653e+05
2.977999999999951442e+01 1.506457911495250883e+05
2.979999999999951399e+01 1.507630004160603276e+05
2.981999999999951356e+01 1.508802228136042831e+05
2.983999999999951314e+01 1.509974583421569550e+05
2.985999999999951271e+01 1.511147070017183432e+05
2.987999999999951228e+01 1.512319687922883895e+05
2.989999999999951186e+01 1.513492437138671812e+05
2.991999999999951143e+01 1.514665317664546892e+05
2.993999999999951100e+01 1.515838329500509135e+05
2.995999999999951058e+01 1.517011472646558250e+05
2.997999999999951015e+01 1.518184747102694237e+05
