#   Enu		   cross-section
   1.80999994       5.93206733E-02
   1.82637990      0.140377969    
   1.84275997      0.195996240    
   1.85913992      0.244605586    
   1.87551999      0.290076077    
   1.89189994      0.334005237    
   1.90827990      0.377163947    
   1.92465997      0.420064628    
   1.94103992      0.463008583    
   1.95741999      0.506180346    
   1.97379994      0.549745500    
   1.99017990      0.593816698    
   2.00655985      0.638442218    
   2.02293992      0.683726490    
   2.03931999      0.729663670    
   2.05569983      0.776335776    
   2.07207990      0.823777080    
   2.08845997      0.872003973    
   2.10484004      0.921018362    
   2.12121987      0.970884085    
   2.13759995       1.02154231    
   2.15398002       1.07310438    
   2.17035985       1.12549424    
   2.18673992       1.17876327    
   2.20311999       1.23290086    
   2.21949983       1.28794312    
   2.23587990       1.34387577    
   2.25225997       1.40067387    
   2.26864004       1.45841587    
   2.28501987       1.51707184    
   2.30139995       1.57658935    
   2.31778002       1.63703239    
   2.33415985       1.69839942    
   2.35053992       1.76067793    
   2.36691999       1.82386470    
   2.38329983       1.88800192    
   2.39967990       1.95303833    
   2.41605997       2.01901865    
   2.43243980       2.08593869    
   2.44881988       2.15378952    
   2.46519995       2.22252965    
   2.48157978       2.29220033    
   2.49795985       2.36284328    
   2.51433992       2.43441010    
   2.53072000       2.50689054    
   2.54710007       2.58034420    
   2.56347990       2.65466094    
   2.57985997       2.72999120    
   2.59624004       2.80617881    
   2.61261988       2.88332891    
   2.62899995       2.96143341    
   2.64538002       3.04043436    
   2.66175985       3.12039351    
   2.67813993       3.20130038    
   2.69452000       3.28310561    
   2.71089983       3.36586404    
   2.72727990       3.44955730    
   2.74365997       3.53419995    
   2.76003981       3.61978197    
   2.77641988       3.70631266    
   2.79279995       3.79377079    
   2.80917978       3.88212395    
   2.82555985       3.97141075    
   2.84193993       4.06168032    
   2.85831976       4.15289164    
   2.87470007       4.24498177    
   2.89107990       4.33805227    
   2.90745974       4.43205833    
   2.92384005       4.52694130    
   2.94021988       4.62286234    
   2.95659995       4.71959305    
   2.97298002       4.81730938    
   2.98935986       4.91600847    
   3.00573993       5.01562929    
   3.02212000       5.11611986    
   3.03849983       5.21752596    
   3.05487967       5.31996775    
   3.07125998       5.42328072    
   3.08763981       5.52750254    
   3.10401988       5.63270998    
   3.12039995       5.73888731    
   3.13677979       5.84597731    
   3.15315986       5.95392561    
   3.16953993       6.06284952    
   3.18591976       6.17274809    
   3.20229983       6.28343630    
   3.21867990       6.39510107    
   3.23505974       6.50780106    
   3.25144005       6.62133598    
   3.26781988       6.73591423    
   3.28419995       6.85126972    
   3.30058002       6.96766281    
   3.31695986       7.08490086    
   3.33333993       7.20315599    
   3.34972000       7.32239914    
   3.36609983       7.44234514    
   3.38247991       7.56339502    
   3.39885998       7.68527412    
   3.41523981       7.80798912    
   3.43161964       7.93180323    
   3.44799995       8.05657959    
   3.46437979       8.18219280    
   3.48075986       8.30876827    
   3.49713993       8.43630505    
   3.51351976       8.56455803    
   3.52989984       8.69388676    
   3.54627991       8.82417679    
   3.56265974       8.95531464    
   3.57903981       9.08753204    
   3.59541988       9.22045422    
   3.61179972       9.35445309    
   3.62818003       9.48929882    
   3.64455986       9.62508106    
   3.66093993       9.76170254    
   3.67732000       9.89940453    
   3.69369984       10.0379448    
   3.71007991       10.1773005    
   3.72645998       10.3178759    
   3.74283981       10.4591455    
   3.75921965       10.6012325    
   3.77559996       10.7444181    
   3.79197979       10.8884163    
   3.80835986       11.0336332    
   3.82473969       11.1793995    
   3.84111977       11.3261414    
   3.85749984       11.4738140    
   3.87387991       11.6225653    
   3.89025998       11.7721443    
   3.90663981       11.9225531    
   3.92301965       12.0741634    
   3.93939996       12.2263327    
   3.95577979       12.3795786    
   3.97215986       12.5337744    
   3.98853970       12.6887779    
   4.00492001       12.8448744    
   4.02129984       13.0017757    
   4.03767967       13.1594992    
   4.05405998       13.3181572    
   4.07043982       13.4779024    
   4.08681965       13.6384544    
   4.10319996       13.7998257    
   4.11957979       13.9622717    
   4.13595963       14.1253910    
   4.15233994       14.2897329    
   4.16872025       14.4545946    
   4.18509960       14.6206770    
   4.20147991       14.7877083    
   4.21785975       14.9556866    
   4.23423958       15.1241798    
   4.25061989       15.2938929    
   4.26699972       15.4644222    
   4.28337955       15.6357517    
   4.29975986       15.8083010    
   4.31614017       15.9815073    
   4.33251953       16.1556377    
   4.34889984       16.3308830    
   4.36527967       16.5067635    
   4.38165951       16.6837254    
   4.39803982       16.8614883    
   4.41442013       17.0403252    
   4.43079948       17.2198219    
   4.44717979       17.4002552    
   4.46356010       17.5817833    
   4.47993994       17.7640762    
   4.49631977       17.9473267    
   4.51270008       18.1315136    
   4.52907944       18.3164902    
   4.54545975       18.5025330    
   4.56184006       18.6893826    
   4.57821989       18.8770142    
   4.59459972       19.0655804    
   4.61098003       19.2552147    
   4.62735987       19.4456615    
   4.64373970       19.6370296    
   4.66012001       19.8291893    
   4.67649937       20.0224266    
   4.69287968       20.2163010    
   4.70925999       20.4112549    
   4.72563982       20.6072769    
   4.74201965       20.8039455    
   4.75839996       21.0015602    
   4.77477980       21.2000751    
   4.79115963       21.3994026    
   4.80753994       21.5999336    
   4.82391977       21.8009453    
   4.84029961       22.0032024    
   4.85667992       22.2062321    
   4.87305975       22.4100380    
   4.88943958       22.6149273    
   4.90581989       22.8205891    
   4.92220020       23.0271740    
   4.93857956       23.2345409    
   4.95495987       23.4431419    
   4.97133970       23.6522236    
   4.98771954       23.8623714    
   5.00409985       24.0734253    
   5.02047968       24.2854176    
   5.03685951       24.4981880    
   5.05323982       24.7118969    
   5.06962013       24.9266586    
   5.08599949       25.1420555    
   5.10237980       25.3583698    
   5.11875963       25.5757599    
   5.13513994       25.7939167    
   5.15151978       26.0131550    
   5.16790009       26.2328625    
   5.18427944       26.4539280    
   5.20065975       26.6753159    
   5.21704006       26.8980923    
   5.23341990       27.1216278    
   5.24979973       27.3460846    
   5.26618004       27.5711555    
   5.28255987       27.7974510    
   5.29893970       28.0243549    
   5.31532001       28.2526474    
   5.33169937       28.4812393    
   5.34807968       28.7110386    
   5.36445999       28.9413185    
   5.38083982       29.1729565    
   5.39721966       29.4053841    
   5.41359997       29.6385670    
   5.42997932       29.8727932    
   5.44635963       30.1074963    
   5.46273994       30.3432713    
   5.47911978       30.5804100    
   5.49549961       30.8180141    
   5.51187992       31.0566635    
   5.52825975       31.2957821    
   5.54463959       31.5359764    
   5.56101990       31.7772045    
   5.57739973       32.0192299    
   5.59377956       32.2619972    
   5.61015987       32.5061226    
   5.62653971       32.7507324    
   5.64291954       32.9960823    
   5.65929985       33.2427864    
   5.67567968       33.4899559    
   5.69205952       33.7378883    
   5.70843983       33.9871674    
   5.72481966       34.2369041    
   5.74119949       34.4877167    
   5.75757980       34.7395706    
   5.77395964       34.9922066    
   5.79033947       35.2455902    
   5.80671978       35.5000000    
   5.82309961       35.7552032    
   5.83947945       36.0111465    
   5.85585976       36.2681236    
   5.87223959       36.5258789    
   5.88861990       36.7843857    
   5.90499973       37.0439568    
   5.92138004       37.3045654    
   5.93775988       37.5656166    
   5.95413971       37.8280411    
   5.97052002       38.0906219    
   5.98689985       38.3548508    
   6.00327969       38.6195221    
   6.01965952       38.8849335    
   6.03603935       39.1517220    
   6.05241966       39.4189415    
   6.06879997       39.6872253    
   6.08517981       39.9565544    
   6.10155964       40.2263298    
   6.11793995       40.4971504    
   6.13431978       40.7690125    
   6.15069962       41.0416565    
   6.16707945       41.3146896    
   6.18345976       41.5891342    
   6.19983959       41.8642693    
   6.21621990       42.1405182    
   6.23259974       42.4171562    
   6.24898005       42.6948586    
   6.26535988       42.9733009    
   6.28173971       43.2530861    
   6.29811954       43.5336571    
   6.31449986       43.8146248    
   6.33087969       44.0966530    
   6.34725952       44.3797073    
   6.36363935       44.6632080    
   6.38001966       44.9480972    
   6.39639997       45.2339935    
   6.41277981       45.5200119    
   6.42915964       45.8074226    
   6.44553947       46.0952263    
   6.46191978       46.3840942    
   6.47829962       46.6736755    
   6.49467945       46.9649544    
   6.51105928       47.2560043    
   6.52744007       47.5490608    
   6.54381990       47.8418961    
   6.56019974       48.1361084    
   6.57657957       48.4310684    
   6.59295988       48.7267342    
   6.60933971       49.0237579    
   6.62571955       49.3212128    
   6.64209938       49.6193962    
   6.65847969       49.9186058    
   6.67486000       50.2185822    
   6.69123983       50.5198936    
   6.70761967       50.8216133    
   6.72399950       51.1240768    
   6.74037981       51.4275780    
   6.75675964       51.7321205    
   6.77313948       52.0370598    
   6.78951931       52.3434029    
   6.80589962       52.6501236    
   6.82227993       52.9579086    
   6.83865976       53.2666931    
   6.85503960       53.5762482    
   6.87141991       53.8865089    
   6.88779974       54.1977882    
   6.90417957       54.5095406    
   6.92055941       54.8225708    
   6.93693972       55.1360550    
   6.95331955       55.4508934    
   6.96969986       55.7661247    
   6.98607969       56.0824356    
   7.00246000       56.3997192    
   7.01883984       56.7174301    
   7.03521967       57.0362053    
   7.05159950       57.3556709    
   7.06797934       57.6764984    
   7.08435965       57.9974365    
   7.10073948       58.3196793    
   7.11711979       58.6426697    
   7.13349962       58.9667244    
   7.14987993       59.2911453    
   7.16625977       59.6166000    
   7.18263960       59.9434166    
   7.19901943       60.2706451    
   7.21539974       60.5985680    
   7.23177958       60.9275475    
   7.24815941       61.2572212    
   7.26453972       61.5882568    
   7.28092003       61.9190483    
   7.29729986       62.2518349    
   7.31367970       62.5846825    
   7.33005953       62.9189186    
   7.34643984       63.2531700    
   7.36281967       63.5891228    
   7.37919950       63.9255028    
   7.39557934       64.2628708    
   7.41195965       64.6012878    
   7.42833996       64.9400864    
   7.44471979       65.2795868    
   7.46109962       65.6207657    
   7.47747946       65.9620132    
   7.49385977       66.3046494    
   7.51023960       66.6476364    
   7.52661943       66.9913101    
   7.54299927       67.3366776    
   7.55938005       67.6824493    
   7.57575989       68.0286102    
   7.59213972       68.3760757    
   7.60851955       68.7242813    
   7.62489986       69.0734940    
   7.64127970       69.4231339    
   7.65765953       69.7734146    
   7.67403936       70.1254044    
   7.69041967       70.4777832    
   7.70679998       70.8305054    
   7.72317982       71.1846313    
   7.73955965       71.5394058    
   7.75593948       71.8952484    
   7.77231979       72.2514420    
   7.78869963       72.6093063    
   7.80507946       72.9672470    
   7.82145929       73.3261948    
   7.83783960       73.6861877    
   7.85421944       74.0468292    
   7.87059975       74.4082031    
   7.88697958       74.7706223    
   7.90335989       75.1334152    
   7.91973972       75.4975052    
   7.93611956       75.8619843    
   7.95249939       76.2278366    
   7.96887970       76.5943832    
   7.98525953       76.9612885    
   8.00163937       77.3298645    
   8.01801968       77.6984711    
   8.03439999       78.0684509    
   8.05077934       78.4388046    
   8.06715965       78.8101501    
   8.08353996       79.1822052    
   8.09992027       79.5555954    
   8.11629963       79.9290009    
   8.13267899       80.3037949    
   8.14905930       80.6792603    
   8.16543961       81.0554504    
   8.18181992       81.4326248    
   8.19820023       81.8105011    
   8.21457958       82.1890335    
   8.23095894       82.5686264    
   8.24733925       82.9492264    
   8.26371956       83.3305206    
   8.28009987       83.7124786    
   8.29647923       84.0954895    
   8.31286049       84.4788361    
   8.32923985       84.8635254    
   8.34561920       85.2485733    
   8.36199951       85.6349640    
   8.37837982       86.0220566    
   8.39476013       86.4094772    
   8.41113949       86.7982864    
   8.42751884       87.1874008    
   8.44389915       87.5775681    
   8.46027946       87.9687271    
   8.47665977       88.3602371    
   8.49304008       88.7531281    
   8.50941944       89.1463013    
   8.52579975       89.5408554    
   8.54217911       89.9361038    
   8.55855942       90.3320160    
   8.57493973       90.7286148    
   8.59132004       91.1262131    
   8.60770035       91.5241699    
   8.62407970       91.9234848    
   8.64045906       92.3237762    
   8.65683937       92.7240982    
   8.67321968       93.1260986    
   8.68959999       93.5281067    
   8.70597935       93.9311371    
   8.72235966       94.3355179    
   8.73873901       94.7405319    
   8.75511932       95.1459122    
   8.77149963       95.5519791    
   8.78787994       95.9593735    
   8.80426025       96.3671341    
   8.82063961       96.7761765    
   8.83701897       97.1859283    
   8.85339928       97.5963821    
   8.86977959       98.0074768    
   8.88615990       98.4192276    
   8.90254021       98.8326797    
   8.91891956       99.2460938    
   8.93529987       99.6605682    
   8.95167923       100.075706    
   8.96805954       100.491524    
   8.98443985       100.908630    
   9.00082016       101.326103    
   9.01719952       101.744904    
   9.03357887       102.164055    
   9.04995918       102.584518    
   9.06633949       103.005005    
   9.08271980       103.426476    
   9.09910011       103.848976    
   9.11547947       104.272438    
   9.13185978       104.696594    
   9.14823914       105.121399    
   9.16461945       105.547203    
   9.18099976       105.973724    
   9.19737911       106.400856    
   9.21376038       106.828659    
   9.23013973       107.257805    
   9.24651909       107.687271    
   9.26289940       108.117744    
   9.27927971       108.549202    
   9.29566002       108.980690    
   9.31203938       109.414116    
   9.32841873       109.847931    
   9.34479904       110.281395    
   9.36117935       110.717499    
   9.37755966       111.153595    
   9.39393997       111.590378    
   9.41032028       112.027809    
   9.42669964       112.466240    
   9.44307899       112.905312    
   9.45945930       113.345390    
   9.47583961       113.785805    
   9.49221992       114.227524    
   9.50860023       114.669899    
   9.52497959       115.112953    
   9.54135895       115.556664    
   9.55773926       116.001717    
   9.57411957       116.446709    
   9.59049988       116.893059    
   9.60687923       117.340050    
   9.62325954       117.788383    
   9.63963890       118.237328    
   9.65601921       118.686966    
   9.67239952       119.136612    
   9.68877983       119.588203    
   9.70516014       120.039780    
   9.72153950       120.491409    
   9.73791885       120.945587    
   9.75429916       121.399818    
   9.77067947       121.854713    
   9.78705978       122.310234    
   9.80344009       122.767097    
   9.81982040       123.224586    
   9.83619881       123.682709    
   9.85257912       124.141495    
   9.86895943       124.600952    
   9.88533974       125.061043    
   9.90172005       125.522499    
   9.91810036       125.984543    
   9.93447876       126.447227    
   9.95085907       126.910622    
   9.96723938       127.374596    
   9.98361969       127.839920    
   10.0000000       128.305923    
